,value_factor,feas_ip,feas_greed,time_ip,time_greedy,viol_coeff
0,1.0,1.0,1.0,0.01229808253003739,0.00021173442041799717,1.1522862554763333
1,1.0,1.0,1.0,0.007274997015997542,0.00020451188186143554,1.1670708070383597
2,1.0,1.0,1.0,0.015524276472660858,0.000237203372194017,1.1544657497173414
3,1.0,1.0,1.0,0.01945561826073572,0.0003098088916431152,1.1821032251321202
4,1.0,1.0,1.0,0.036135120772200935,0.00033299704182354617,1.128374874410586
5,1.0,1.0,1.0,0.01895726309874135,0.00029422341356166726,1.1424654671571892
6,1.0000000000000002,1.0,1.0,0.028560198338482223,0.00018702573572682013,1.1905223284226405
7,1.0,1.0,1.0,0.00920265454908531,0.0001828442660780638,1.1028302799517518
8,1.0,1.0,1.0,0.0078094648706610315,0.0001885462702375662,1.1769461878295733
9,1.0,1.0,1.0,0.008204423690926888,0.00019310787354243075,1.1411856478456783
10,1.0,1.0,1.0,0.006471014432122502,0.00019576880890781467,1.113322373726558
11,1.0,1.0,1.0,0.007630041807146881,0.00021287482127263502,1.111714350351978
12,1.0,1.0,1.0,0.007056040057022983,0.00019957014490046276,1.1208640767105118
13,1.0,1.0,1.0,0.0214057036766917,0.0003124698268948123,1.1723079915504822
14,1.0008739121187724,1.0,1.0,0.030452883579528134,0.0003003055513772779,1.1181611569653036
15,,1.0,0.0,0.06626108944772113,0.00035390439029470144,1.1584746857626336
16,1.0026371576158613,1.0,1.0,0.029410557222718126,0.0003892568159926668,1.14302891510991
17,1.0,1.0,1.0,0.0319958458999281,0.0003485825197913073,1.1717568512483014
18,,1.0,0.0,0.022701579150975704,0.0004964544938275139,1.1331278697959788
19,1.010039500525045,1.0,1.0,0.043275930624076864,0.00023986430744571408,1.1951682223625595
20,1.014905240646043,1.0,1.0,0.02706209178404606,0.0003071479562777313,1.1704253866844048
21,1.0039004385602084,1.0,1.0,0.025925112158347474,0.00024822724685691355,1.111020877888097
22,1.0,1.0,1.0,0.012948491135716722,0.00039419855283995275,1.1668126382850998
23,1.0,1.0,1.0,0.01805216497496076,0.00032273343435917923,1.1785459580674655
24,1.0,1.0,1.0,0.033742559834877284,0.0003132300940933419,1.134746608107945
25,1.0,1.0,1.0,0.02380016528206852,0.0003744316052234353,1.1400893245961785
26,1.0,1.0,1.0,0.014711930949488305,0.0002702749962963935,1.1397826758066436
27,1.0040907292656571,1.0,1.0,0.02593499563226942,0.0002695147290978639,1.1192197000525645
28,1.0,1.0,1.0,0.010054533967604584,0.0002698948626402853,1.1504561351774878
29,,1.0,0.0,0.07084854184552114,0.0002824392718139279,1.1366816440378307
30,1.0,1.0,1.0,0.03100559784752477,0.00030448702113972104,1.1606745683676327
31,1.0085664788389854,1.0,1.0,0.05311568910246933,0.0002976446161255808,1.1028741834643112
32,1.0,1.0,1.0,0.009306431024356243,0.00037709254058881925,1.1781558365974194
33,1.006009921955736,1.0,1.0,0.06110533730395673,0.0004227085736374647,1.1060899877727324
34,1.0,1.0,1.0,0.020977673232550842,0.0005337075875786468,1.1452023218813148
35,1.0,1.0,1.0,0.03158682213620523,0.00030524728833825066,1.131093118391843
36,,1.0,0.0,0.3320896628747505,0.0004854306191646174,1.1508591834331765
37,1.0,1.0,1.0,0.018671022490934774,0.000278637935707593,1.1870935350297998
38,1.022906572688225,1.0,1.0,0.9738646739556316,0.0003246341024123467,1.150577498184967
39,1.0,1.0,1.0,0.01322826947205158,0.000242525242811098,1.122862649235978
40,1.0,1.0,1.0,0.019043933561874837,0.00025126831576471886,1.129328635140271
41,1.0,1.0,1.0,0.0208902425024462,0.0002706551298388149,1.1961198032081874
42,1.0010170453860285,1.0,1.0,0.026421186518632567,0.00018132373156731774,1.1734773267876277
43,1.0038649256636396,1.0,1.0,0.03962702810781593,0.0003603666617664203,1.1269702798336083
44,1.0084256608029447,1.0,1.0,0.040161876096249216,0.0004227085736374647,1.1200868589940882
45,1.0,1.0,1.0,0.03426258261254134,0.0003098088916431152,1.1941544852325032
46,1.0001095889100093,1.0,1.0,0.05135300955578259,0.00037291107071268925,1.1537213131085675
47,1.0031426924712474,1.0,1.0,0.03992695352565079,0.0011525651036663476,1.1244865144912135
48,1.0,1.0,1.0,0.02354243469494577,0.000273316065090512,1.1310538615911756
49,1.0021428335408196,1.0,1.0,0.029066916439774104,0.0003033466202850832,1.144825975194377
50,1.0066755892860844,1.0,1.0,0.030994954106404293,0.0003219731671606496,1.1538332892471224
51,1.0,1.0,1.0,0.015883882867115062,0.00023226163534673105,1.1986889525052895
52,1.0,1.0,1.0,0.0191819220619891,0.0002820591381578197,1.1209736163112871
53,1.0017542791645522,1.0,1.0,0.02679637839116822,0.000242525242811098,1.1281287515509133
54,1.008456724033669,1.0,1.0,0.07692383719029294,0.0005470122638371322,1.126004151881443
55,1.008418666307865,1.0,1.0,0.01631267357845445,0.00020755295065555401,1.143233093806605
56,1.0004867377760223,1.0,1.0,0.036455573404964525,0.00022351856227942335,1.1811181886672764
57,1.0,1.0,1.0,0.02414570673295202,0.0002714153970373445,1.1959412071414843
58,,1.0,0.0,0.22220558081755826,0.0005409301261352084,1.1052204120896003
59,1.0,1.0,1.0,0.015767181849014378,0.00032273343435917923,1.1196883666463795
60,1.0,1.0,1.0,0.02165583159171547,0.0002558299190695834,1.1434169754150185
61,1.0,1.0,1.0,0.024421303599865496,0.0002889015430582731,1.1298978754539677
62,1.0093757227884474,1.0,1.0,0.19370886479180172,0.0005485327983478783,1.1214088675478024
63,1.0,1.0,1.0,0.03776855489161335,0.0005135605061923343,1.1440398517230608
64,1.0082232827355193,1.0,1.0,0.02733768865084585,0.000278637935707593,1.1484963418909042
65,1.0,1.0,1.0,0.02961773003971757,0.0002881412759734303,1.1800491730366638
66,,1.0,0.0,0.08266993682946122,0.0003865958806272829,1.1337725294272072
67,1.0133054838014819,1.0,1.0,0.045258707530479114,0.00021515562286822387,1.1288496097552838
68,1.0316667319454595,1.0,1.0,0.14605721619034284,0.0009393101487376043,1.1694186679173884
69,1.0012056129514733,1.0,1.0,0.06465388454739696,0.00033489770987671363,1.1750899258337066
70,1.0,1.0,1.0,0.024550929160568558,0.00031513076214650937,1.1706592657643604
71,1.0158328847214313,1.0,1.0,0.08075368330457877,0.00021629602372286172,1.172220349605087
72,1.0,1.0,1.0,0.02466306857525069,0.0002824392718139279,1.1369574443214912
73,1.015268395656868,1.0,1.0,0.06935043529097129,0.0004337324483003613,1.119579312710067
74,1.0,1.0,1.0,0.012267671841300398,0.0003003055513772779,1.1173410298678563
75,1.0099260849171154,1.0,1.0,0.0934516663917293,0.0004227085736374647,1.1219058720810016
76,1.0,1.0,1.0,0.006301854976072718,0.0008541602202285503,1.1536636368026265
77,1.0,1.0,1.0,0.008418058779284365,0.00016801905530883232,1.122408717235738
78,1.0,1.0,1.0,0.02066254247051802,0.0002729359315480906,1.1474241924704562
79,1.0,1.0,1.0,0.016194832159612815,0.0002219980278823641,1.1305315477401716
80,1.0183560883972658,1.0,1.0,0.07082383316094365,0.00034744211893666943,1.1661668395691664
81,1.0046832332282483,1.0,1.0,0.05724317983288074,0.0003272950376640438,1.1953481200654865
82,1.0,1.0,1.0,0.025006709358194712,0.0003375586451284107,1.1110174614459605
83,1.0101916430022935,1.0,1.0,0.027291692484027408,0.0004284105776832803,1.1832809209538468
84,1.0194262042322917,1.0,1.0,0.16015979296400928,0.00035846599371325283,1.1015083834654704
85,1.0,1.0,1.0,0.03552614673003518,0.00033527784353282186,1.169261075008617
86,1.0215704297513182,1.0,1.0,0.5788469331200758,0.0006112548438750309,1.1624528216911414
87,1.0,1.0,1.0,0.026117459764805062,0.00034744211893666943,1.1938306761123192
88,1.0,1.0,1.0,0.026299923897227018,0.0002706551298388149,1.1641176227849888
89,,1.0,0.0,0.021909380709075776,0.00031703143019967683,1.1546582567344503
90,1.0,1.0,1.0,0.02366179664829815,0.0003029664867426618,1.1231172331527466
91,1.000668359001048,1.0,1.0,0.049191569852951034,0.00031094929249775305,1.150073931775625
92,1.010427792962655,1.0,1.0,0.03208137596209326,0.0002755968667997877,1.1851447833161988
93,1.0,1.0,1.0,0.0228076364280696,0.00029004194391291094,1.1047747512553112
94,1.0,1.0,1.0,0.010466978933777682,0.00021173442041799717,1.109587767525576
95,1.0,1.0,1.0,0.022242377750899323,0.0003360381107313515,1.1588622691907065
96,,1.0,0.0,0.0970549528748279,0.00040294162590726046,1.1790258164275027
97,1.0010982523207004,1.0,1.0,0.06156263803609363,0.00026267232408372365,1.1172893308915461
98,1.009157176014642,1.0,1.0,0.028663974813866844,0.00040864363006676285,1.1603698892456324
99,1.0,1.0,1.0,0.025553341488489423,0.00042080790558429726,1.185694503210597
100,1.0033272622139258,1.0,1.0,0.026623797732440835,0.0007602672187658754,1.1350111848755753
101,1.0,1.0,1.0,0.015430003337542075,0.00022351856227942335,1.1237814064333973
102,1.0,1.0,1.0,0.023102239975287375,0.00031437049494797975,1.1548072236528177
103,1.0383635762828989,1.0,1.0,0.013941019989715642,0.00039876015625850414,1.1475426821271437
104,1.0,1.0,1.0,0.009637147264470514,0.00026875446178564744,1.1974132906471027
105,1.0,1.0,1.0,0.01603099457395274,0.0004196675047296594,1.1930497881543056
106,1.0,1.0,1.0,0.020531016241534417,0.0002402444411018223,1.1313267987254971
107,1.0030494341786194,1.0,1.0,0.03600929654760421,0.0002984048833241104,1.1269836047120458
108,1.0,1.0,1.0,0.014741581371026768,0.00027787766839537653,1.121732972071525
109,,1.0,0.0,0.23154470333224708,0.0005177419759547774,1.1400007275395527
110,1.031494597919131,1.0,1.0,0.08976627104891577,0.0007720513606273016,1.110820778739273
111,1.0,1.0,1.0,0.03008453411212031,0.0003056274219943589,1.1488462228741176
112,1.0,1.0,1.0,0.017722589135701128,0.0002854803406080464,1.1612825722078246
113,1.0003241478160299,1.0,1.0,0.058806669368095754,0.0003185519647104229,1.1952879146662925
114,1.0,1.0,1.0,0.02123502368613117,0.00027217566423587414,1.1244902912763637
115,1.0,1.0,1.0,0.01456253844105504,0.00029878501698021864,1.1635786754845603
116,1.0,1.0,1.0,0.018130092364913253,0.0003132300940933419,1.1655605940916043
117,1.0,1.0,1.0,0.023334501610634106,0.0003284354384049948,1.1016732757128043
118,1.0,1.0,1.0,0.052487328246115794,0.00030106581868949434,1.1681858199430353
119,1.0,1.0,1.0,0.016597013518321546,0.0002638127249383615,1.1186418210003803
120,1.0008003776249688,1.0,1.0,0.025076653942278426,0.0002805386036470736,1.1829697042286393
121,1.0,1.0,1.0,0.03156895585664188,0.0002801584701046522,1.1838658306721477
122,,1.0,0.0,0.028185766733372475,0.00025012791502376786,1.1416741273985012
123,1.0,1.0,1.0,0.013982834686657952,0.00021933709263066703,1.165568608160722
124,1.0,1.0,1.0,0.018894160919671776,0.00026913459544175566,1.191005439748847
125,1.0,1.0,1.0,0.011866630883446305,0.00021363508847116464,1.1680700902942305
126,1.0,1.0,1.0,0.02886240455791267,0.00029650421527094295,1.1871243248965522
127,1.0,1.0,1.0,0.03061748143238674,0.0003630275970181174,1.1675890595263079
128,1.0119634937896231,1.0,1.0,0.09375919448177683,0.000492653157721179,1.1290750754117787
129,1.0006566818625158,1.0,1.0,0.11479692882460313,0.0006633331483953953,1.1424834682081868
130,1.0,1.0,1.0,0.018532653857164405,0.0004907524896680115,1.1410259911840896
131,1.0,1.0,1.0,0.015185957560447605,0.00023948417390329269,1.1138195839987313
132,1.0073723317959313,1.0,1.0,0.16485976491026122,0.0003466818517381398,1.128458166570488
133,,1.0,0.0,0.1847263076026593,0.0005226837129157502,1.1564366947849245
134,1.0044099416988441,1.0,1.0,0.03683988848399622,0.00039723962174775806,1.1213258472622294
135,1.0,1.0,1.0,0.03130324246365035,0.00042422910803452396,1.1610522414375146
136,1.011195645686422,1.0,1.0,0.057014719533640346,0.0002900419440265978,1.1811776309397282
137,,1.0,0.0,0.14772410206740005,0.0006899425010260529,1.1356004594835576
138,1.0,1.0,1.0,0.026751522625204416,0.00027141539715103136,1.1217816282014026
139,1.0,1.0,1.0,0.011271721784737565,0.00028129887095929007,1.1246371514028919
140,1.0,1.0,1.0,0.016526688800581724,0.00023226163534673105,1.1600148159273678
141,1.0,1.0,1.0,0.009514744242324014,0.00022998083363745536,1.1110552982980022
142,1.0,1.0,1.0,0.025237830592686805,0.0003105691588416448,1.129520320098773
143,1.0,1.0,1.0,0.009769813894195067,0.0001912072054892633,1.1910590706988315
144,1.0053048499090234,1.0,1.0,0.13898216945301556,0.0005405499924791002,1.104128803535035
145,1.0,1.0,1.0,0.008390309025912757,0.00020147081295363023,1.188209706533949
146,1.0676113366908329,1.0,1.0,0.0774856746648993,0.00029232274562218663,1.1100342640470466
147,1.0,1.0,1.0,0.007471526091990199,0.0002497477813676596,1.1725791666585186
148,1.0,1.0,1.0,0.009811248457594957,0.0002535491173603077,1.167505072751344
149,1.0000425259911006,1.0,1.0,0.011444302443351262,0.0002277000320418665,1.1327355454643182
150,1.0,1.0,1.0,0.02412099804837453,0.0003903972167336178,1.113959904710238
151,,1.0,0.0,0.028973403571967538,0.0005264850489083983,1.1837162324304196
152,1.0,1.0,1.0,0.029695657429670064,0.00040636282835748716,1.1735448741504826
153,1.0,1.0,1.0,0.011473952865003412,0.00028472007340951677,1.1559054877150867
154,1.0,1.0,1.0,0.011052384692220585,0.00023796363950623345,1.1654374021572123
155,1.0057901780747651,1.0,1.0,0.028559057937627585,0.00030562742188067205,1.1556100173694126
156,1.0,1.0,1.0,0.014303667452963964,0.0002664736601900586,1.1603670018806522
157,1.0,1.0,1.0,0.01806775045304221,0.0002615319232290858,1.193440502701367
158,1.000346130660705,1.0,1.0,0.03573484008154537,0.00024328550989594078,1.1853870922679055
159,1.0012441355554011,1.0,1.0,0.04158509632964069,0.0003158910294587258,1.19208210453431
160,1.0,1.0,1.0,0.015831804562594698,0.0003272950376640438,1.1367157016382785
161,1.0091772402102606,1.0,1.0,0.026742779552137108,0.00025735045346664265,1.1745187428057644
162,1.0,1.0,1.0,0.017743876617714704,0.00047744781340952613,1.1311039402921392
163,1.0014667098721028,1.0,1.0,0.039228267951671114,0.00018056346448247496,1.1648749056347845
164,1.0,1.0,1.0,0.03966884280487193,0.00030828835724605597,1.1676073458662861
165,1.0131763199076376,1.0,1.0,0.1345349863570391,0.0006549702089841958,1.1262949178256163
166,1.0131576215586808,1.0,1.0,0.0786724517932953,0.00027749753485295514,1.1148197384511243
167,1.0057943028129415,1.0,1.0,0.08913714992547739,0.0003409798475786374,1.11512383895972
168,1.0,1.0,1.0,0.0494416977679748,0.0003250142359547681,1.1970202136180252
169,1.021100313263601,1.0,1.0,0.057321487356375656,0.00038659588074096973,1.1267169162596133
170,1.0,1.0,1.0,0.012433029961357533,0.00026343259128225327,1.1940045257182508
171,1.0,1.0,1.0,0.017106772688521232,0.0011959003351194042,1.1179153417336576
172,1.0,1.0,1.0,0.015034284250191376,0.00023758350585012522,1.1344675672141318
173,1.0,1.0,1.0,0.03120668852682229,0.0003105691588416448,1.1428984568115956
174,1.0,1.0,1.0,0.009702530245249363,0.0001885462702375662,1.1666015481417025
175,1.0084041520152203,1.0,1.0,0.12295459608139936,0.00027787766850906337,1.1027843617588748
176,1.0,1.0,1.0,0.02836138846078029,0.0006888021000577282,1.1655156333191727
177,1.0026921870979781,1.0,1.0,0.025348829606627987,0.00021971722617308842,1.1715708380834289
178,1.0013526749156803,1.0,1.0,0.08020096903669582,0.00025392925101641595,1.1441233637784358
179,1.0,1.0,1.0,0.01611120276550082,0.00022275829508089373,1.134729170733341
180,1.0,1.0,1.0,0.010775267291023738,0.0002729359315480906,1.1868542358038403
181,1.0,1.0,1.0,0.011894000503275493,0.0002033714810067977,1.1293774432791845
182,1.0143598470972628,1.0,1.0,0.0602599201566818,0.0003006856850333861,1.1777799837858198
183,1.0,1.0,1.0,0.01387069527197582,0.00026571339299152896,1.1590086274301086
184,1.0,1.0,1.0,0.029088203921901368,0.0004215681727828269,1.1197775779898413
185,0.9999999999999999,1.0,1.0,0.03886942182441544,0.0003181718310543147,1.1500133727439195
186,1.0,1.0,1.0,0.011645773256304892,0.00028433993975340854,1.1346826020653524
187,1.0,1.0,1.0,0.009883853976930368,0.00024480604440668685,1.1490481953772191
188,1.0090512063758834,1.0,1.0,0.03582189067810759,0.00026875446178564744,1.1185368050490565
189,1.0,1.0,1.0,0.013620567357065738,0.0004132052333716274,1.1124585973535954
190,,1.0,0.0,0.014410104863600282,0.0002755968667997877,1.1669913464355457
191,,1.0,0.0,0.3129081209463038,0.000771291093428772,1.1374139883695547
192,1.0,1.0,1.0,0.015913913422309633,0.00023568283779695776,1.1133134412761156
193,1.010458948940648,1.0,1.0,0.08948345164355942,0.0003375586451284107,1.1095346386472555
194,1.0110286108088058,1.0,1.0,0.08166486356628866,0.00033641824427377287,1.1881499346206774
195,1.0,1.0,1.0,0.02443726921137568,0.0003603666617664203,1.1782534923254004
196,1.036188615712033,1.0,1.0,0.020226909354050804,0.0003090486244445856,1.1513428588441927
197,1.0,1.0,1.0,0.019046974630668956,0.00039952042345703376,1.1210163018449066
198,1.014663547558824,1.0,1.0,0.01980230011247386,0.00022161789422625588,1.1796917491492842
199,1.0,1.0,1.0,0.019762766217127137,0.0005812242886804597,1.166634617031242
200,1.0,1.0,1.0,0.01579759253775137,0.00023758350585012522,1.1048851270328783
201,1.0,1.0,1.0,0.025473513430483763,0.00028966181037048955,1.1908025984965391
202,1.0,1.0,1.0,0.020409373486586446,0.000291562478423657,1.1262799550477642
203,1.0,1.0,1.0,0.009374094806844369,0.00021857682531845057,1.1580459223418933
204,1.0,1.0,1.0,0.02628243775120609,0.000298024749781689,1.166193546933166
205,1.0,1.0,1.0,0.006631810948988459,0.0002124946876165268,1.1440260115681544
206,1.0,1.0,1.0,0.024142285530501795,0.0006222787185379275,1.1431013156215348
207,1.010197085650013,1.0,1.0,0.07266253942930234,0.00025925112163349695,1.1953847385580592
208,1.0,1.0,1.0,0.026511658317758702,0.00029916515052264003,1.183262349120733
209,1.0,1.0,1.0,0.021342601497622127,0.0003307162401142705,1.1431283278637177
210,1.0,1.0,1.0,0.007777153513870871,0.00021439535566969425,1.1911712673244286
211,1.0038185513101818,1.0,1.0,0.0488061143730647,0.00031665129665725544,1.1842314142180743
212,1.0,1.0,1.0,0.009020570550092089,0.00024442591086426546,1.159534046408306
213,1.0,1.0,1.0,0.015697617398586772,0.00031665129665725544,1.150342150050478
214,1.0103256994009804,1.0,1.0,0.1371966818896908,0.000419287371187238,1.1485794283321726
215,1.0036281437121768,1.0,1.0,0.03453627881128796,0.00038469521268780227,1.1708791864720884
216,1.0,1.0,1.0,0.019232479831998717,0.0012837111988801553,1.1187135955906595
217,1.0,1.0,1.0,0.07360260984523848,0.0003463017180820316,1.1782805943252257
218,1.0,1.0,1.0,0.007544511744981719,0.0003987601561448173,1.1378276786648094
219,1.0,1.0,1.0,0.012224716743389763,0.00018778600303903659,1.18050469247975
220,1.0278648386898386,1.0,1.0,0.01637539562409529,0.00028319953901245754,1.168900834112499
221,1.0,1.0,1.0,0.026858720303039263,0.0002729359315480906,1.1384292637449172
222,1.0041019579344377,1.0,1.0,0.0691588479519396,0.0003155108958026176,1.161359989016972
223,1.0,1.0,1.0,0.012073043433360908,0.00029612408172852156,1.150737993834052
224,1.0003187311202109,1.0,1.0,0.031132942606745928,0.0001763819947200318,1.170246280196526
225,1.0221907798561938,1.0,1.0,0.38743445546242583,0.0007252949266103315,1.1193762209094322
226,1.0002585933135635,1.0,1.0,0.02312314732375853,0.00027483659960125806,1.1614694225852702
227,0.9999999694364115,1.0,1.0,0.0295686928042187,0.0003367983779298811,1.1765732757467788
228,1.0069347943117652,1.0,1.0,0.13513559745979364,0.00046034180093101895,1.1310303259216343
229,1.0,1.0,1.0,0.01506925654234692,0.0002482272469706004,1.1169729951332403
230,1.0013551946533723,1.0,1.0,0.03616819239630331,0.0003675892003229819,1.1328966960264781
231,1.0,1.0,1.0,0.009077210457917317,0.0006397648645588561,1.181208434153178
232,1.0,1.0,1.0,0.018404168697202294,0.0002508881822222975,1.1907726681637663
233,1.0,1.0,1.0,0.017257305597809136,0.000272175664349561,1.1788033567820988
234,1.0029982565120867,1.0,1.0,0.11637486343704495,0.0003090486244445856,1.1511227108491986
235,1.0027390744142677,1.0,1.0,0.02453154234649446,0.00020527214905996516,1.127475384632923
236,1.0137572585749781,1.0,1.0,0.06303413523789914,0.0004953140930865629,1.1195324878607822
237,1.0,1.0,1.0,0.015751976504702725,0.00044855765895590594,1.13828240499379
238,1.0182042799619786,1.0,1.0,0.035771332908097975,0.0002242788295916398,1.1424299714352648
239,1.0,1.0,1.0,0.007596209915959662,0.00017828266277319926,1.1627019106423093
240,1.0018872666755327,1.0,1.0,0.05024111874843129,0.00033223677462501655,1.104127797587386
241,1.0,1.0,1.0,0.02518385162022696,0.00027445646594514983,1.1239609917314235
242,1.0116725163094555,1.0,1.0,0.030750528195653715,0.00027521673314367945,1.1616767773534786
243,1.006641731375451,1.0,1.0,0.09587577841864459,0.0004246092416906322,1.133732356860164
244,1.0,1.0,1.0,0.03271581895603504,0.0003835548118331644,1.1586341130052689
245,1.0140485230216727,1.0,1.0,0.14432380693165214,0.0003607467953088417,1.1800011826647823
246,1.006920400329598,1.0,1.0,0.05161758254791948,0.0002524087166193567,1.1552454426181151
247,1.0,1.0,1.0,0.031166774497933147,0.00029992541772116965,1.1373749970168092
248,1.0,1.0,1.0,0.009795662979627195,0.00022960070009503397,1.1450084209866125
249,1.0,1.0,1.0,0.026068042395536395,0.0003371785115859893,1.187974023390016
250,1.0,1.0,1.0,0.020936618802693374,0.0002615319232290858,1.188709694203617
251,1.0,1.0,1.0,0.014785676869678355,0.00021173442041799717,1.144931097536006
252,1.0,1.0,1.0,0.018088277667857255,0.0002368232386515956,1.1472872662239826
253,1.009174756968409,1.0,1.0,0.12490620203186609,0.00035922626091178245,1.1705920697741716
254,1.0,1.0,1.0,0.017933183155264487,0.0007986607132579593,1.1413895892256747
255,1.0,1.0,1.0,0.009305670757157714,0.00018132373168100457,1.1950912638813282
256,1.0,1.0,1.0,0.016971064989888873,0.00021819669177602918,1.1626413045334123
257,1.0046299235038834,1.0,1.0,0.08762992016431781,0.0003056274219943589,1.1273244037752812
258,1.0,1.0,1.0,0.014745762840675525,0.00025659018638179987,1.1639537929664479
259,1.0095043436532936,1.0,1.0,0.0343089589129022,0.00031475062849040114,1.1310545650612116
260,1.0042440584841965,1.0,1.0,0.03259113513217926,0.0003067678227353099,1.1681491829163662
261,1.016404676574604,1.0,1.0,0.11884687229860447,0.00048162928305828245,1.1635355578193962
262,1.0,1.0,1.0,0.011475853532942892,0.00025050804856618925,1.176131150236521
263,1.0001559463913245,1.0,1.0,0.027668024757417697,0.00025354911747399456,1.1505134204052507
264,1.0,1.0,1.0,0.008317703506349972,0.00021629602372286172,1.187231177400804
265,1.0,1.0,1.0,0.013798089752640408,0.0004375337842930094,1.179925420044521
266,1.0027780859297575,1.0,1.0,0.049695246885448796,0.00034782225259277766,1.141878890542438
267,1.0010908864966728,1.0,1.0,0.02127455758159158,0.0001885462702375662,1.1016675404212806
268,1.0,1.0,1.0,0.013389065988917537,0.0002242788295916398,1.1094866849610974
269,1.0,1.0,1.0,0.009502199833150371,0.00022922056643892574,1.1828836892351657
270,1.0012973323694796,1.0,1.0,0.05757807754264377,0.00039115748393214744,1.1886853919547662
271,1.0072186858959875,1.0,1.0,0.024417882397301582,0.0003071479563914181,1.1747808486392115
272,1.0,1.0,1.0,0.007762708436757748,0.00023530270414084953,1.158962070631877
273,1.0,1.0,1.0,0.02741029417018126,0.00035618519200397714,1.1480504510577387
274,1.0,1.0,1.0,0.01032480896378729,0.0002311212344920932,1.1957608508733724
275,1.0008491571379752,1.0,1.0,0.20201250335469467,0.0003774726740175538,1.1699976685746498
276,1.0,1.0,1.0,0.014537069489165333,0.0002702749962963935,1.1634337347386792
277,1.0075707857418024,1.0,1.0,0.01226729170764429,0.00026533325933542073,1.1267869596353992
278,1.0078308511362593,1.0,1.0,0.4911322431607914,0.00040598269481506577,1.1457867115485139
279,1.0,1.0,1.0,0.014455340763106506,0.00029954528417874826,1.125939519097805
280,1.0044766380293313,1.0,1.0,0.03099837530885452,0.0005740017501238981,1.135933811394477
281,1.006339678628838,1.0,1.0,0.12976354929230638,0.00028738100866121385,1.178010745372339
282,1.0,1.0,1.0,0.01012295801729124,0.0001874058694966152,1.1714691026217432
283,1.0,1.0,1.0,0.010181118459513527,0.00023264176888915244,1.1658233083554377
284,1.0049551871394686,1.0,1.0,0.481264734929141,0.0006374840628495804,1.116455471279671
285,1.0063009776731582,1.0,1.0,0.05926663103548435,0.00046680407228905096,1.1334880330205253
286,1.0045618633045577,1.0,1.0,0.07703521633777655,0.0003253943696108763,1.139145118045235
287,1.0,1.0,1.0,0.024155590206873967,0.00042118803912671865,1.1222141283033227
288,1.0,1.0,1.0,0.02525949820835649,0.000322353300703071,1.1952668807837405
289,1.0,1.0,1.0,0.012916179778812875,0.0002402444411018223,1.1539792453551094
290,1.0,1.0,1.0,0.02566358023511839,0.00044437618942083645,1.1437653734073747
291,1.0,1.0,1.0,0.014156175612583866,0.00025621005272569164,1.1591021521346292
292,1.0,1.0,1.0,0.023844640914376214,0.0003694898683761494,1.1663532333291602
293,1.0078772736859174,1.0,1.0,0.07646615632461362,0.0003497229205322583,1.1447990334366185
294,1.0002219469180467,1.0,1.0,0.04809868572601772,0.0008309720700481193,1.1617696726463926
295,1.0,1.0,1.0,0.006326563660536522,0.00016687865445419447,1.1619756820894391
296,1.0068592289054434,1.0,1.0,0.019596647829871472,0.0002877611423173221,1.120640330508147
297,1.0,1.0,1.0,0.018171526928313142,0.00024100470841403876,1.1949874563669105
298,1.032673253937264,1.0,1.0,0.21949864938528663,0.0005310466523269497,1.102358077945979
299,1.0008718561613357,1.0,1.0,0.04315618853718206,0.0003200724989937953,1.1813368318389976
300,1.0,1.0,1.0,0.016678742244266687,0.00032045263264990353,1.142606996747948
301,1.0,1.0,1.0,0.005952512189082881,0.0002280801655842879,1.1251954106261606
302,1.005829574994005,1.0,1.0,0.05105422453880237,0.0004949339594304547,1.1483254691172524
303,1.0,1.0,1.0,0.010952029419286191,0.0002497477813676596,1.1723181566226588
304,1.0,1.0,1.0,0.02113048694354802,0.00021211455396041856,1.1970647959915937
305,1.0,1.0,1.0,0.011320378886807703,0.0002603915224881348,1.1604524424336082
306,1.0,1.0,1.0,0.013226748937768207,0.0002645729921368911,1.1293807511461085
307,1.0,1.0,1.0,0.018694970908427422,0.0002763571339983173,1.1157629812529006
308,1.0,1.0,1.0,0.00731110970878035,0.00015965611589763284,1.1993367719404686
309,1.0,1.0,1.0,0.028404723692233347,0.0002892816767143813,1.158904919624402
310,1.0082120837912418,1.0,1.0,0.17752163530440157,0.0005644984098580608,1.1333978563641267
311,1.0,1.0,1.0,0.024227815592666957,0.0003060075555367803,1.1046321969571098
312,1.0,1.0,1.0,0.010317206291574621,0.00026533325933542073,1.101170436517819
313,1.0,1.0,1.0,0.03264853530720302,0.00033147650742648693,1.1687761611964387
314,1.0091685175319325,1.0,1.0,0.06636296525505259,0.0002607716560305562,1.1283842577274146
315,1.0046461681316492,1.0,1.0,0.07191253581811452,0.000364928264957598,1.1370709201712499
316,1.0246460526621162,1.0,1.0,0.03965097652519489,0.0004462768574740039,1.1056954530638472
317,1.0,1.0,1.0,0.010538824185914564,0.0009659195014819488,1.1955135732326532
318,1.0,1.0,1.0,0.020140238891258377,0.0003067678227353099,1.107711735575081
319,1.0,1.0,1.0,0.021079929173538403,0.00027825780205148476,1.166651970852804
320,1.000920735062544,1.0,1.0,0.1285570052161802,0.000322353300703071,1.1283625376166715
321,1.0,1.0,1.0,0.00907607005706268,0.0002246589631340612,1.1600719832286277
322,1.0,1.0,1.0,0.014468645439478678,0.0002121145540741054,1.1832936239494274
323,1.0,1.0,1.0,0.027278387807768922,0.00041510590142479487,1.1967001072660635
324,1.0,1.0,1.0,0.02284032791840218,0.00035580505846155575,1.176801861162346
325,1.0,1.0,1.0,0.014068364748823114,0.000309428757987007,1.1093903205262305
326,1.0,1.0,1.0,0.026890271392630893,0.0003033466202850832,1.141561482234651
327,1.0081134083019165,1.0,1.0,0.022207405458857465,0.0002277000320418665,1.1645554535502847
328,,1.0,0.0,0.2913127305985199,0.0012164275499344512,1.121120566556979
329,,1.0,0.0,0.17815721869919798,0.00046034180093101895,1.11449568577366
330,,1.0,0.0,0.10040659090850568,0.0006599119458314817,1.1407792056106627
331,1.018007677942795,1.0,1.0,0.43417644433668556,0.0005496731992025161,1.154928460412776
332,1.0,1.0,1.0,0.015419739730077708,0.0002695147290978639,1.1813372654337904
333,1.0,1.0,1.0,0.02397920821204025,0.0002877611423173221,1.1200257988464033
334,1.0013313607077803,1.0,1.0,0.03226688116342302,0.00027787766850906337,1.1625785025610043
335,1.0190561624648837,1.0,1.0,0.06020974252032829,0.00044855765895590594,1.1371565642310866
336,1.0,1.0,1.0,0.01993078527243597,0.0002660935266476372,1.1208053116262617
337,1.0,1.0,1.0,0.033456699360726816,0.00033223677462501655,1.1986635314356386
338,1.033083466902652,1.0,1.0,0.09561462662895792,0.0003394593131815782,1.131410529401379
339,,1.0,0.0,0.10051378858634052,0.00034554145088350197,1.1476036854455898
340,1.0,1.0,1.0,0.020653039130252182,0.0004611020682432354,1.152989506020991
341,1.0009466426206943,1.0,1.0,0.02706665338723724,0.00026875446178564744,1.1678938372951728
342,1.0,1.0,1.0,0.03939210553733119,0.00024480604440668685,1.1087772064147416
343,1.0,1.0,1.0,0.02180750490185801,0.0002729359315480906,1.142510606254394
344,1.0052093688995882,1.0,1.0,0.10129306248563807,0.0008210885962398606,1.1949698897785181
345,1.0,1.0,1.0,0.030733422183175207,0.0005143207733908639,1.1244918967566766
346,1.0434479103230545,1.0,1.0,0.026969339183324337,0.00033337717536596756,1.1416747164281593
347,1.0,1.0,1.0,0.009639047932523681,0.00020489201551754377,1.1788803062581457
348,1.0,1.0,1.0,0.00738257482737481,0.0002185768254321374,1.175947877472956
349,1.0180883795470004,1.0,1.0,0.07299439607038494,0.0004097840309214007,1.1177563614227077
350,1.0054061439002955,1.0,1.0,0.04020369079319153,0.00033565797707524325,1.148473230554768
351,1.0,1.0,1.0,0.018047603371655896,0.00029574394807241333,1.114424899501349
352,1.0154710425312314,1.0,1.0,0.10603636966322938,0.00042765031048475066,1.160305582377432
353,1.0016382250734526,1.0,1.0,0.06195417565368189,0.00025659018638179987,1.1926711788137059
354,1.0022843038966034,1.0,1.0,0.03385621978407016,0.0002155357565243321,1.1488390669854522
355,1.0,1.0,1.0,0.027694253976392247,0.0004968346273699353,1.1403282008118119
356,,1.0,0.0,0.02055838586147729,0.0002622921904276154,1.1329909798830213
357,,1.0,0.0,0.015977395735035316,0.00035808585994345776,1.1322780387323936
358,1.007312349283641,1.0,1.0,0.0845808684836129,0.000357325592858615,1.1300183195794304
359,1.0,1.0,1.0,0.012258928768346777,0.00025088818210861064,1.1681618836543828
360,1.0,1.0,1.0,0.006928315164145715,0.0001953886751380196,1.188270805552075
361,1.0088775679351076,1.0,1.0,0.10362594244622869,0.00034250038197569665,1.1455708643433575
362,1.0021867456056126,1.0,1.0,0.08434480551227352,0.0008655642285475551,1.151143469907653
363,1.0030501039063002,1.0,1.0,0.044161641933897045,0.00047212594279244513,1.1706885178098994
364,1.007436684008485,1.0,1.0,0.1020571310403966,0.0005747620174361145,1.1172954846011232
365,1.0009190478039809,1.0,1.0,0.0220272221280311,0.0002999254178348565,1.130653948929259
366,1.0,1.0,1.0,0.015165430345405184,0.0004470371245588467,1.1890305565285317
367,1.0,1.0,1.0,0.01397219094576485,0.00032083276630601176,1.156250118088227
368,1.0001360419495988,1.0,1.0,0.037618021982325445,0.0005827448231912058,1.143946291258929
369,,1.0,0.0,0.02145398064510573,0.0008663244957460847,1.1581285805626267
370,1.0246588557924279,1.0,1.0,0.15983934033135938,0.00024328551000962761,1.1493650198828966
371,1.0,1.0,1.0,0.024891148740948665,0.0003345175762206054,1.1907319841719106
372,1.0000833029101583,1.0,1.0,0.03927578465277293,0.00023568283779695776,1.191259886839989
373,1.0029660936014164,1.0,1.0,0.08355450773842676,0.0004097840309214007,1.1904929626068104
374,1.0,1.0,1.0,0.01818939320799018,0.0002763571339983173,1.1537542729591197
375,1.0034270844034825,1.0,1.0,0.05155372010153769,0.00029232274562218663,1.1257168625736211
376,1.0,1.0,1.0,0.010256384914214323,0.00018778600303903659,1.1574253987678713
377,1.0120651620148067,1.0,1.0,0.019877566567174654,0.0002767372675407387,1.1662585077848782
378,1.0007057098197747,1.0,1.0,0.05812394940573995,0.0002984048833241104,1.1327809852712767
379,1.0,1.0,1.0,0.06402590382469953,0.0003067678227353099,1.1011693151533926
380,1.0016514324172714,1.0,1.0,0.07256522522538944,0.00028738100866121385,1.1681880794897297
381,1.0113236367174125,1.0,1.0,0.0324805162517805,0.0002892816767143813,1.1316396786218486
382,1.0,1.0,1.0,0.02283158484544856,0.0003960992208931202,1.1434762774692324
383,1.0053295920458443,1.0,1.0,0.06168580132543866,0.0003888766823365586,1.1210079285135346
384,1.0,1.0,1.0,0.012209131265422002,0.00019614894245023606,1.133225029136871
385,1.0,1.0,1.0,0.016164801604418244,0.0002219980278823641,1.14027376207102
386,1.0,1.0,1.0,0.017107152822063654,0.000430691379392556,1.121197694257992
387,1.0,1.0,1.0,0.012236881018907297,0.00020375161466290592,1.1809311856017086
388,1.0,1.0,1.0,0.0264584396123837,0.00029916515063632687,1.1220694695270923
389,1.005312046430806,1.0,1.0,0.12124399483934667,0.00036530839861370623,1.133658881610855
390,1.0159655464091564,1.0,1.0,0.045359442937069616,0.00034364078294402134,1.1186860265297682
391,1.0,1.0,1.0,0.027244555916581703,0.0002949836808738837,1.1852012167652588
392,1.0124223970799078,1.0,1.0,0.02479801600668452,0.0002543093846725242,1.1382174618094592
393,1.0,1.0,1.0,0.015422020531786984,0.0002611517895729776,1.1492752263080388
394,1.0010944326836315,1.0,1.0,0.0622274917187724,0.0003341374425644972,1.1912338953422918
395,1.0001467702092715,1.0,1.0,0.05742678436627102,0.0003075280899338395,1.183883118616634
396,1.0,1.0,1.0,0.010454814658260148,0.00023302190254526067,1.136068249620696
397,1.0,1.0,1.0,0.01672321787657438,0.00026533325933542073,1.1727986037600675
398,1.002846215325908,1.0,1.0,0.038228136425459525,0.0005078585021465187,1.1568371481119284
399,1.0,1.0,1.0,0.02649835364138653,0.0004097840309214007,1.1076936482614324
400,1.0102267779589085,1.0,1.0,0.024140004728906206,0.0002824392718139279,1.1603331833666712
401,1.0238686154255512,1.0,1.0,0.5922264957687275,0.00046984514108316944,1.156376163918431
402,1.0036735680665723,1.0,1.0,0.04977697561139394,0.0003033466202850832,1.1139646860228347
403,1.008257240687987,1.0,1.0,0.07016506161585312,0.00026609352653395035,1.1826825321675758
404,1.0,1.0,1.0,0.01237030791583038,0.00020299134735068947,1.1821022475314833
405,1.0,1.0,1.0,0.024052193865031768,0.00031170955969628267,1.1608384713111208
406,1.0,1.0,1.0,0.014903138154977569,0.00022579936398869904,1.159894471835735
407,1.0,1.0,1.0,0.013947482261073674,0.00023568283779695776,1.1396616712475376
408,1.0034387438014385,1.0,1.0,0.11450802728143117,0.000821468729782282,1.140658642742868
409,1.0,1.0,1.0,0.012122460802515889,0.0002516484494208271,1.1018377707586136
410,1.0,1.0,1.0,0.01330733726285871,0.00018018333082636673,1.1842841587133373
411,1.0,1.0,1.0,0.009762211221982398,0.0001908270719468419,1.1005474272021187
412,1.0,1.0,1.0,0.009233825505020832,0.00023188150169062283,1.1474053760361476
413,1.0000486172384988,1.0,1.0,0.07416976919057561,0.0002698948626402853,1.1483917280392906
414,1.008274433205372,1.0,1.0,0.07686073501110968,0.0004709855420514941,1.1925231423059117
415,1.0096276070591679,1.0,1.0,0.1063465586885286,0.0003405997139225292,1.1615778004639574
416,1.0,1.0,1.0,0.023894438417187303,0.00032311356801528746,1.151410661634359
417,1.0,1.0,1.0,0.015531879144873528,0.0002729359315480906,1.1566055179568884
418,,1.0,0.0,0.04705864017091699,0.00018778600303903659,1.1020043249196365
419,1.0019893075436719,1.0,1.0,0.021841716926701338,0.00035352425675228005,1.1223111040410465
420,1.0,1.0,1.0,0.02438709157490848,0.0002729359315480906,1.1288530603352507
421,1.0,1.0,1.0,0.021482870799445664,0.0003394593131815782,1.136024394478285
422,1.0035713504902808,1.0,1.0,0.19674803299858468,0.0007750924295351069,1.1621349705362296
423,1.0,1.0,1.0,0.021889993895115367,0.0003101890251855366,1.198888594315238
424,1.0,1.0,1.0,0.011310115279229649,0.00018474493413123128,1.1986154174068464
425,1.0,1.0,1.0,0.010560111668155514,0.00020261121380826808,1.1449286228845903
426,1.0066257677188337,1.0,1.0,0.017583460234504855,0.00028433993975340854,1.1113576446257387
427,1.0062741804811233,1.0,1.0,0.19750297834684716,0.0004607219345871272,1.1549270554579898
428,1.014124316831923,1.0,1.0,0.05129028751025544,0.0003535242566385932,1.1018021113622987
429,1.0,1.0,1.0,0.025719840009401196,0.00028738100866121385,1.1262538696083106
430,1.0,1.0,1.0,0.02865105027115078,0.0002911823447675488,1.1895350788385552
431,1.0,1.0,1.0,0.020959806952987492,0.0002885214095158517,1.1560919862279793
432,1.0,1.0,1.0,0.034378523363329805,0.0002345424369423199,1.1386568960881676
433,1.0131176602793444,1.0,1.0,0.024688537527254084,0.00024708684611596254,1.1682374012946941
434,,1.0,0.0,0.06536967613385514,0.00038735614793949935,1.132279467690214
435,1.0,1.0,1.0,0.04125476022306884,0.00027293593143440376,1.1217414238944263
436,1.0316925081312278,1.0,1.0,0.21008197961418773,0.0006967849060401932,1.1488810621781886
437,1.0,1.0,1.0,0.013406932268480887,0.0003219731671606496,1.152983221293005
438,1.0044876071729705,1.0,1.0,0.15813596162786325,0.0004907524897816984,1.143402945812583
439,1.0293871284948937,1.0,1.0,0.060158804616662565,0.0005489129318902997,1.1564925042438527
440,1.0045192586170146,1.0,1.0,0.04756269733695717,0.0003128499604372337,1.177686455473772
441,1.0,1.0,1.0,0.023047880869171422,0.00028510020695193816,1.193467351946523
442,1.003214509043748,1.0,1.0,0.047924204399350856,0.0002695147290978639,1.1059317598423164
443,1.0022327574893644,1.0,1.0,0.12702696743849629,0.0005040571660401838,1.1257462533779088
444,1.0,1.0,1.0,0.009812388858335908,0.00022770003192817967,1.156599792130269
445,1.0,1.0,1.0,0.03015105749364011,0.00041510590142479487,1.1262658694426895
446,1.0,1.0,1.0,0.019993127184307014,0.0002793982029061226,1.1679867656061393
447,1.0,1.0,1.0,0.020154683968257814,0.00017676212837614003,1.1373993546699441
448,1.0,1.0,1.0,0.022759739593197992,0.00025468951821494556,1.1044765021193328
449,1.0,1.0,1.0,0.009614719381602299,0.000407503229212125,1.1940028547754686
450,1.021606788287354,1.0,1.0,0.11417084876995887,0.00035124345504300436,1.1228501349927624
451,1.0,1.0,1.0,0.0224202802801301,0.0003706302691171004,1.18874528251184
452,1.027366649121218,1.0,1.0,0.05837179651905444,0.0009837857810452988,1.103360012906162
453,1.0,1.0,1.0,0.013174670633247842,0.0002155357565243321,1.1766561816459709
454,1.0,1.0,1.0,0.058023594132805556,0.0002771174011968469,1.1328175372079639
455,1.0,1.0,1.0,0.01816544479049753,0.00023872390670476307,1.16965354142422
456,1.0,1.0,1.0,0.00876017902771764,0.00022960069998134713,1.1391978609640603
457,1.0,1.0,1.0,0.01916709685110618,0.00035732559274492814,1.1949634134478488
458,1.0,1.0,1.0,0.00692945556511404,0.00021173442041799717,1.1391958990998783
459,1.014415035717426,1.0,1.0,0.026486189365868995,0.0002702749962963935,1.1454994596130554
460,1.0,1.0,1.0,0.022812958298572994,0.00030524728833825066,1.1832071867141845
461,1.0,1.0,1.0,0.013934177584701501,0.00026343259128225327,1.1609822437127564
462,1.0318131218094873,1.0,1.0,0.14209660411438563,0.0003345175762206054,1.1856066067794788
463,1.0,1.0,1.0,0.016688625718188632,0.00024898751405544317,1.1416027326434974
464,1.0,1.0,1.0,0.03418693602429812,0.00030524728833825066,1.1759346534661017
465,1.0,1.0,1.0,0.013915551037939622,0.0003463017181957184,1.1951066019858951
466,1.0,1.0,1.0,0.013543780367967884,0.0003463017180820316,1.1543156999481698
467,1.0083954189687725,1.0,1.0,0.03416868961107866,0.0002774975347392683,1.1984289714511533
468,1.0000291799819951,1.0,1.0,0.01916633658390765,0.0002459464452613247,1.1646919117420715
469,1.0,1.0,1.0,0.008591399705096592,0.0002463265789174329,1.1479560300196627
470,,1.0,0.0,0.5310645185569456,0.00046376300338124565,1.1288804182326506
471,1.0079505425347555,1.0,1.0,0.03693606228716817,0.00020489201540385693,1.176491341266672
472,1.0,1.0,1.0,0.025652176226799384,0.00021287482127263502,1.1212204247244133
473,1.0,1.0,1.0,0.018753131350536023,0.0002729359315480906,1.1859765911650915
474,1.0343576907713437,1.0,1.0,0.2262254937365924,0.000545491729440073,1.1576410337356526
475,1.0,1.0,1.0,0.022980597220339405,0.00026913459544175566,1.133022174658207
476,1.0,1.0,1.0,0.00904147789867693,0.00019880987770193315,1.1423904921036219
477,1.0,1.0,1.0,0.02369562853948537,0.00030828835713236913,1.1549385720245176
478,1.0097498416556618,1.0,1.0,0.03644340912944699,0.00026343259128225327,1.1905543984391787
479,1.0,1.0,1.0,0.02485389564731122,0.0003037267539411914,1.1220826858404327
480,1.0,1.0,1.0,0.02154255177606501,0.00032881557217478985,1.1534128559194117
481,1.0030341340881321,1.0,1.0,0.05301571396307736,0.0002984048833241104,1.1669501271309308
482,1.0,1.0,1.0,0.01779367412063948,0.00034135998123474565,1.119597994472277
483,1.0,1.0,1.0,0.02926382564942287,0.0004006608243116716,1.1411064119782577
484,1.0,1.0,1.0,0.019683318292777585,0.0002953638144163051,1.101677583820858
485,1.0,1.0,1.0,0.02337745670854474,0.00018778600303903659,1.1172468349340938
486,1.0033120869483318,1.0,1.0,0.02712101249346688,0.0001942482743970686,1.106368386299517
487,1.0,1.0,1.0,0.011101421927719457,0.0002767372675407387,1.184803737718031
488,,1.0,0.0,0.16303816465403997,0.0009393101487376043,1.101173185818867
489,1.0,1.0,1.0,0.027037763233010992,0.0002714153970373445,1.1988094411792185
490,1.0,1.0,1.0,0.0081652699290089,0.00018816613669514481,1.1238082571076693
491,1.0,1.0,1.0,0.052954512451947267,0.00024176497549888154,1.1220325197670433
492,1.0025138679245167,1.0,1.0,0.05349012070769277,0.0003968594882053367,1.1088638060199643
493,1.0,1.0,1.0,0.009041097765020822,0.00019158733914537152,1.1867833205546179
494,1.0,1.0,1.0,0.007644867017802426,0.0001733409258122265,1.1166263554997955
495,1.0015284223299128,1.0,1.0,0.02247654005429922,0.00025164844930714025,1.1217009810071015
496,1.009257278838782,1.0,1.0,0.06654314858576527,0.0005892070945492378,1.1156498061610867
497,1.0,1.0,1.0,0.010163632313492599,0.0002505080486798761,1.1143950445076467
498,1.0,1.0,1.0,0.01876985722947211,0.0002767372675407387,1.1206118343224822
499,1.0,1.0,1.0,0.022611107351963255,0.0003782329412160834,1.183666791526198
500,1.0031766023095934,1.0,1.0,0.04057013959265987,0.0003979998890599745,1.1775168012641806
501,1.014376730574643,1.0,1.0,0.0666780960171991,0.00029346314636313764,1.1351861413658362
502,1.0,1.0,1.0,0.028277759066781982,0.0003098088916431152,1.154005931227774
503,1.0,1.0,1.0,0.008396011029958572,0.00018968667109220405,1.156589317907196
504,1.0,1.0,1.0,0.018249454318265634,0.00020603241625849478,1.1534420766530695
505,1.002716130517138,1.0,1.0,0.07382156680432672,0.0005717209485283092,1.1266414922075532
506,1.018561585058354,1.0,1.0,0.0448124306731188,0.00028472007340951677,1.113031319226257
507,1.0101531564457507,1.0,1.0,0.028235944369725985,0.00021705629092139134,1.1720609528145423
508,1.0048722819682527,1.0,1.0,0.10021082209971155,0.00026875446178564744,1.1430550718675023
509,1.0,1.0,1.0,0.010499670424110263,0.0002645729920232043,1.1295220814471874
510,1.0,1.0,1.0,0.01202324593054982,0.00026913459544175566,1.1451193535136597
511,1.0083804652252735,1.0,1.0,0.18133361513901036,0.0005816044222228811,1.1183242475474577
512,1.0069517065163311,1.0,1.0,0.0189701876415711,0.00029612408172852156,1.1885309610015222
513,1.0006560866712235,1.0,1.0,0.054186145346420744,0.0008427562119095455,1.1169769233538136
514,1.0,1.0,1.0,0.022422561081839376,0.0002558299190695834,1.178453423140387
515,1.0001336949921122,1.0,1.0,0.05594806462579527,0.00026685379373247997,1.1931408858797468
516,1.0015318420849206,1.0,1.0,0.05256677617057903,0.00033603811061766464,1.1531610476699403
517,1.0,1.0,1.0,0.012259689035545307,0.0002007105457551006,1.1910545972261184
518,1.0095245011903016,1.0,1.0,0.1058193133721943,0.0002584908543212805,1.1591533324403518
519,1.0,1.0,1.0,0.01004921209710119,0.00023530270414084953,1.1018004161324921
520,1.0,1.0,1.0,0.008292994821772481,0.0002459464452613247,1.1739085119272687
521,1.0198509435548635,1.0,1.0,0.0987047327395203,0.00040218135870873084,1.1806590509651134
522,1.0,1.0,1.0,0.02350898293730097,0.00027141539715103136,1.1358055090993306
523,1.0,1.0,1.0,0.007258271137175143,0.00019272774000000936,1.187251614105293
524,1.0,1.0,1.0,0.013114229389429966,0.00022161789422625588,1.1892840131617046
525,1.0,1.0,1.0,0.024262027617510284,0.0003132300940933419,1.1439798107914136
526,,1.0,0.0,0.4617003984560597,0.001024079943704237,1.10910858047334
527,1.0171534838392913,1.0,1.0,0.029095806594114038,0.00021819669177602918,1.1065978983198121
528,1.0,1.0,1.0,0.022796992686949125,0.00030068568491969927,1.1697460859834152
529,1.0001881172638725,1.0,1.0,0.019460559997583005,0.0002098337523648297,1.155642459595675
530,1.0,1.0,1.0,0.014008303638547659,0.0003041068874836128,1.1908642738503725
531,1.0,1.0,1.0,0.011304793408839942,0.00025050804856618925,1.1881222434615546
532,1.0,1.0,1.0,0.01908232705636692,0.00034440105014255096,1.101829811030201
533,1.0233877781584726,1.0,1.0,0.12738581356575196,0.0006739768894021836,1.119943139729123
534,1.0,1.0,1.0,0.006803251206747518,0.00016687865445419447,1.1958276685132054
535,1.0031089394432073,1.0,1.0,0.017457255876365707,0.00018930653743609582,1.1394025187212713
536,1.0,1.0,1.0,0.008927437815827943,0.00017676212837614003,1.1551844430845712
537,1.0,1.0,1.0,0.02406587867506005,0.00020451188186143554,1.1520120981346857
538,1.0022874575983334,1.0,1.0,0.06359559257884939,0.00025050804856618925,1.1319644302913818
539,1.0,1.0,1.0,0.017719928200335744,0.00026571339299152896,1.109314710688704
540,1.0,1.0,1.0,0.02088872196804914,0.00033907917952546995,1.1537617990189164
541,1.0,1.0,1.0,0.020834742995475608,0.00034059971403621603,1.1288414991598317
542,1.0013738775562933,1.0,1.0,0.03410672783263635,0.00043031124573644775,1.1001840655691735
543,,1.0,0.0,0.03654452466946623,0.00039381841929753136,1.1390682461268313
544,1.0006812675704833,1.0,1.0,0.06682710839197625,0.00039343828564142314,1.1348874319563231
545,1.0,1.0,1.0,0.030466568389442727,0.0003060075555367803,1.1898066604590465
546,1.0,1.0,1.0,0.029596062424047886,0.0003071479563914181,1.1347039471976008
547,1.0,1.0,1.0,0.016044679383867333,0.00028966181037048955,1.1498574795301757
548,1.011258552439893,1.0,1.0,0.050610988750236174,0.000394578686496061,1.1036330049133265
549,1.0184082903244993,1.0,1.0,0.05907390329548434,0.0005067181012918809,1.1651864101227967
550,1.0,1.0,1.0,0.007573782032864074,0.00017562172752150218,1.174212762000345
551,1.0,1.0,1.0,0.011060367497975676,0.0002459464452613247,1.1193152551994032
552,1.0,1.0,1.0,0.017646562413801803,0.0003219731671606496,1.1032851544019504
553,,1.0,0.0,0.08302422135329834,0.00032083276630601176,1.1026302818895979
554,1.0,1.0,1.0,0.021243766759084792,0.00028433993975340854,1.125705453804485
555,1.0,1.0,1.0,0.012592686077255166,0.00020451188186143554,1.1246519579018117
556,1.0031515913881597,1.0,1.0,0.03240410939645244,0.0002303609672935636,1.1155909749737087
557,,1.0,0.0,0.08240080223390578,0.00030790822358994774,1.1763098517371797
558,1.0,1.0,1.0,0.00997090457349259,0.00023188150169062283,1.1283586230394644
559,1.0112489322997562,1.0,1.0,0.17136537150076947,0.0005819845558789893,1.141731875586638
560,1.0022215773561287,1.0,1.0,0.04682371760020487,0.00032045263276359037,1.1591452746017294
561,1.0,1.0,1.0,0.02367662185906738,0.0003162711630011472,1.1669923968130078
562,1.0,1.0,1.0,0.011908825714044724,0.00019006680463462544,1.1568483697138618
563,1.0,1.0,1.0,0.01649057610768523,0.0002611517895729776,1.1110069236729803
564,1.0300688318503046,1.0,1.0,0.02889205497945113,0.00023074110083598498,1.1286512609685486
565,1.0,1.0,1.0,0.011196455330150457,0.00018968667109220405,1.1100027054169856
566,1.0,1.0,1.0,0.025147738927330465,0.0002729359315480906,1.1360192551606456
567,,1.0,0.0,0.04833816989992101,0.000376712406932711,1.1051334752749482
568,1.0,1.0,1.0,0.024238839467329854,0.00042727017694232927,1.1272164463736563
569,1.0,1.0,1.0,0.02312922946157414,0.00031018902529922343,1.130610338379921
570,1.0,1.0,1.0,0.02003684254941618,0.00024176497549888154,1.1584430422922316
571,1.0064824580809788,1.0,1.0,0.06180896461489738,0.0004158661686233245,1.186314645208641
572,1.0017203853371488,1.0,1.0,0.0377647535556207,0.0002911823447675488,1.102962101492333
573,1.0,1.0,1.0,0.01935070138449646,0.00025088818210861064,1.1519693902321597
574,1.0,1.0,1.0,0.02292053611006395,0.0003063876891928885,1.14907613685875
575,,1.0,0.0,0.8943912806473691,0.0005188823768094153,1.107382662140912
576,1.0067554782492902,1.0,1.0,0.13810976281945386,0.0003710104027732086,1.1800605180742707
577,1.006397845130681,1.0,1.0,0.06374232415214465,0.000765969222811691,1.17874026099893
578,1.0,1.0,1.0,0.022253781759218327,0.0003348977097630268,1.197723422189036
579,1.000905329851945,1.0,1.0,0.06658306261488178,0.00045730073202321364,1.1155827180089275
580,1.0029010633221571,1.0,1.0,0.03915148096257326,0.00031018902529922343,1.1303227486675334
581,1.0,1.0,1.0,0.035674398837727495,0.0003280553048625734,1.129718574500715
582,1.0,1.0,1.0,0.013405791867739936,0.0002151556229819107,1.172290252980462
583,,1.0,0.0,0.19167743078332933,0.0006161965807223169,1.158258847911745
584,1.0,1.0,1.0,0.007764228971154807,0.00021097415321946755,1.1646225324937474
585,1.0002497585691623,1.0,1.0,0.0421678411528319,0.0010791993170187197,1.1470186443872898
586,1.0,1.0,1.0,0.022224511471222286,0.00027179553069345275,1.1326523133503872
587,1.0,1.0,1.0,0.027146101311700477,0.00029080221111144056,1.1497604132667938
588,1.0,1.0,1.0,0.030165122437210812,0.0003105691588416448,1.1412880159665
589,1.0,1.0,1.0,0.006506366857820467,0.00018360453339028027,1.1235934915669492
590,1.018272887716789,1.0,1.0,0.08560951003050832,0.0002911823447675488,1.1357718817451425
591,1.0,1.0,1.0,0.013140838741946936,0.0002911823447675488,1.1476585983410885
592,1.0046046365621497,1.0,1.0,0.02396058166527837,0.00040826349652434146,1.1038289403236277
593,1.0,1.0,1.0,0.02408032375217317,0.0010305422149485821,1.1895388273793455
594,1.0149953719992795,1.0,1.0,0.0951599868321864,0.00032577450326698454,1.155219819409166
595,1.0105743158942875,1.0,1.0,0.045456377007440096,0.0002949836808738837,1.1391675211326349
596,1.0018665921275038,1.0,1.0,0.030816671443631094,0.0002908022112251274,1.1555893140442886
597,1.0034059964434292,1.0,1.0,0.04439770490535011,0.0004550199304276248,1.1904319827294503
598,1.0,1.0,1.0,0.02349225705847857,0.00033907917952546995,1.1247761176448468
599,1.006672584328115,1.0,1.0,0.02124338662554237,0.0002885214095158517,1.1544937510554911
600,1.0,1.0,1.0,0.006968989460460762,0.0002124946876165268,1.1404272885404065
601,1.0,1.0,1.0,0.030517126159452346,0.0003774726740175538,1.116457777437091
602,1.0,1.0,1.0,0.013373480510949776,0.0002649531256793125,1.1994010662321148
603,1.0,1.0,1.0,0.02506258899882141,0.00036036666165273346,1.1598086549649997
604,1.0,1.0,1.0,0.02741865710959246,0.00033641824427377287,1.1812888841606712
605,1.0,1.0,1.0,0.011507784756190631,0.00024784711331449216,1.1585955273569573
606,1.0,1.0,1.0,0.02075225400221825,0.0003132300940933419,1.1806898268112616
607,1.0,1.0,1.0,0.020564848132835323,0.0002885214095158517,1.1755112441008562
608,1.0041252333796498,1.0,1.0,0.04233662047533926,0.00023188150180430966,1.1902209848444956
609,1.0,1.0,1.0,0.008669327095049084,0.00018778600303903659,1.1007082265193227
610,1.0,1.0,1.0,0.02030977848096427,0.00028433993975340854,1.1160419885449966
611,1.0010824565297316,1.0,1.0,0.1667935045810509,0.00034250038197569665,1.122753081852319
612,1.0,1.0,1.0,0.021121743870480714,0.00040636282835748716,1.1741196079796445
613,1.0,1.0,1.0,0.010305042016170773,0.00022922056643892574,1.1715779246994054
614,,1.0,0.0,0.12505027266979596,0.00029080221111144056,1.1275616208277461
615,1.0,1.0,1.0,0.020537478513006135,0.00027103526349492313,1.114743689877971
616,,1.0,0.0,0.15354204695870521,0.0007549453482624813,1.144241535986838
617,1.0,1.0,1.0,0.020364897854278752,0.00021439535566969425,1.1452041854880748
618,1.0,1.0,1.0,0.01547371870265124,0.0002695147290978639,1.1301613125844827
619,1.0,1.0,1.0,0.016182287750439173,0.00025849085443496733,1.196365367728234
620,1.0,1.0,1.0,0.010408818491555394,0.00027027499618270667,1.1894251855560014
621,,1.0,0.0,0.15199984490550378,0.0017459536677506549,1.1264266780648193
622,,1.0,0.0,0.25494534819097225,0.0005625977419185801,1.1669715662907327
623,1.0362292321260387,1.0,1.0,0.13724533899176095,0.00046528353789199173,1.1474458806779402
624,1.0,1.0,1.0,0.02035881571646314,0.00029726448246947257,1.1753357442922898
625,1.0,1.0,1.0,0.009672119556626058,0.00022351856227942335,1.1997076673868512
626,1.0005037430384556,1.0,1.0,0.047166217982294256,0.0003922978847867853,1.1563671892240237
627,1.019787726557879,1.0,1.0,0.060567068113186906,0.00038773628148192074,1.1090213409809355
628,1.0,1.0,1.0,0.018522770383356146,0.0002641928584807829,1.1921431318375808
629,1.0,1.0,1.0,0.013828880574919822,0.00020717281711313262,1.1827560286959615
630,1.0011329751729634,1.0,1.0,0.042556337701626035,0.0003052472882245638,1.1236941538877567
631,1.002923173237645,1.0,1.0,0.06640287928394173,0.00033565797707524325,1.1199402232428741
632,1.0,1.0,1.0,0.020800150836976172,0.00037291107071268925,1.122819372763231
633,1.0,1.0,1.0,0.006983054403917777,0.00020527214905996516,1.1398472005979527
634,1.0,1.0,1.0,0.011304793408726255,0.000960977764520976,1.1696373415762154
635,1.0,1.0,1.0,0.023788381140207093,0.000328815572061103,1.1941839359309787
636,1.0,1.0,1.0,0.05167574299025546,0.00021667615737896995,1.1008953092376759
637,1.0,1.0,1.0,0.019085368125274726,0.00024328551000962761,1.185690308458963
638,1.0,1.0,1.0,0.024190562498915824,0.0003326169082811248,1.162826072520513
639,1.0,1.0,1.0,0.023348566554204808,0.0004573007321369005,1.188736051797998
640,1.0,1.0,1.0,0.02448972764955215,0.0003041068874836128,1.1058689128281143
641,1.0262018843056107,1.0,1.0,0.0626011630567973,0.0006298813906369105,1.1516378829382836
642,1.0048246817224484,1.0,1.0,0.11375688326938871,0.0002398643075594009,1.1737568867144248
643,,1.0,0.0,0.011141335956835974,0.00017600186106392357,1.1509422937617173
644,1.0,1.0,1.0,0.020814976047745404,0.00025278885027546494,1.1258317634909614
645,1.0,1.0,1.0,0.019622877048732335,0.00028700087511879246,1.149722669208553
646,1.024583160877883,1.0,1.0,0.03681289899770945,0.0003706302691171004,1.198834980113549
647,1.008656986298271,1.0,1.0,0.04711413967777389,0.000554614936049802,1.121101466743698
648,1.0,1.0,1.0,0.01814149637311857,0.00036606866581223585,1.1298714050720957
649,1.0109855996594277,1.0,1.0,0.24583202504015844,0.0004219483064389351,1.1642061363122775
650,1.018091138944453,1.0,1.0,0.10267750909088136,0.00037215080351415963,1.162889661684994
651,1.0,1.0,1.0,0.019193706203850525,0.00023606297145306598,1.130261658224313
652,1.0,1.0,1.0,0.015124375915661403,0.00027825780205148476,1.1220051266546054
653,1.0070686936401536,1.0,1.0,0.06918507717091416,0.000315891029345039,1.158183039670992
654,1.0,1.0,1.0,0.02301823044763296,0.0002755968667997877,1.1071158131367007
655,1.0,1.0,1.0,0.015020979573932891,0.0003428805156318049,1.1805140946407033
656,1.001894138030194,1.0,1.0,0.08762725922906611,0.00037215080362784647,1.126950297959729
657,,1.0,0.0,0.04641545410379422,0.000286240607806576,1.1437543492702624
658,1.0,1.0,1.0,0.008376244082228368,0.00021743642446381273,1.100547627442775
659,1.0029980821516238,1.0,1.0,0.03248925932484781,0.00025697031992422126,1.1689607126309722
660,1.0,1.0,1.0,0.017471320819822722,0.00023074110083598498,1.1226552481828491
661,1.0,1.0,1.0,0.007548693214744162,0.00016459785285860562,1.106246690475325
662,1.000129329629367,1.0,1.0,0.02597262885967666,0.0002771174011968469,1.196734616084225
663,1.0,1.0,1.0,0.01288766975812905,0.00020641254980091617,1.1280018069856859
664,1.0114019262677436,1.0,1.0,0.05200037709255412,0.00029574394807241333,1.1073859300062092
665,1.0,1.0,1.0,0.01541593839408506,0.0002402444411018223,1.155569798941345
666,1.00200034513278,1.0,1.0,0.0409274651854048,0.00030790822358994774,1.128912134054915
667,1.0,1.0,1.0,0.026738598082488352,0.00032273343435917923,1.1883348192757937
668,1.0,1.0,1.0,0.028220358891758224,0.00039571908735069883,1.1644994236669315
669,1.0,1.0,1.0,0.012865622008803257,0.0003060075555367803,1.158628088348881
670,1.0151162104384288,1.0,1.0,0.04874947446535316,0.0005671593452234447,1.11656341785542
671,1.0,1.0,1.0,0.026194626887445338,0.0003615070625073713,1.1981839367764453
672,1.0,1.0,1.0,0.02491053555502276,0.0002858604742641546,1.1761015471186393
673,1.0,1.0,1.0,0.008029182096947807,0.0002155357565243321,1.1865810423357384
674,1.0,1.0,1.0,0.012371448316685019,0.00024784711331449216,1.1774684954012726
675,1.013178149907083,1.0,1.0,0.049206395063720265,0.00036036666165273346,1.138157286812106
676,1.0,1.0,1.0,0.02308285316121328,0.0003668289331244523,1.1245816332486755
677,1.000794566347942,1.0,1.0,0.049199552658706125,0.00028167900450171146,1.1780954934606984
678,1.0,1.0,1.0,0.0066386533538889125,0.00016649852091177308,1.1092330948023539
679,,1.0,0.0,0.026609732788870133,0.0002676140609310096,1.103216414514229
680,1.0,1.0,1.0,0.02620831169735993,0.000399900557113142,1.1505730221632517
681,1.0186382760491663,1.0,1.0,0.08692059084933135,0.0002702749962963935,1.1418042427704929
682,1.0,1.0,1.0,0.008036404635504368,0.0003272950376640438,1.1790115810303747
683,1.000352299337756,1.0,1.0,0.06480289692217411,0.00033337717536596756,1.125103222842566
684,1.0073651899542237,1.0,1.0,0.06228413162648394,0.00031132942604017444,1.1711917163354604
685,1.0,1.0,1.0,0.016099418623639394,0.0003196923654513739,1.11457494613102
686,1.0046680153587964,1.0,1.0,0.058756871865284666,0.0003767124068190242,1.1188900697508697
687,1.0050300509650798,1.0,1.0,0.0332054310449621,0.0003367983779298811,1.1893097060558948
688,,1.0,0.0,0.22851161726327973,0.0006709358204943783,1.1108106411793126
689,1.0,1.0,1.0,0.014179743896420405,0.0003003055513772779,1.1063418203712807
690,1.0,1.0,1.0,0.024002776495876788,0.0003569454590888199,1.1163341690557977
691,1.0191325374643851,1.0,1.0,0.05721086847609058,0.00044551659016178746,1.1033418690986574
692,,1.0,0.0,0.025727062547957757,0.0004318317802471938,1.1960998789943227
693,1.0,1.0,1.0,0.02671655033316256,0.00041776683667649195,1.1898510847581378
694,,1.0,0.0,0.07396335664054732,0.0004067429620135954,1.1014958189130666
695,1.0049898674053837,1.0,1.0,0.07998657368091244,0.00038317467829074303,1.1303425570658299
696,1.0,1.0,1.0,0.024617832675858153,0.0003428805156318049,1.1391409609830818
697,1.0,1.0,1.0,0.06463563813406381,0.00027179553069345275,1.155056248327036
698,1.0000523192189694,1.0,1.0,0.016155678397922202,0.00023302190254526067,1.1586554485032587
699,1.0095021165493832,1.0,1.0,0.11524624675087125,0.00047212594279244513,1.1571770354088387
700,1.0,1.0,1.0,0.017209028629395107,0.0005500533327449375,1.1330003620208615
701,1.0,1.0,1.0,0.010603446899494884,0.0002056522827160734,1.1026624720869673
702,1.0022435487965824,1.0,1.0,0.0800941514924034,0.0003238738352138171,1.1555400067112112
703,1.0,1.0,1.0,0.007991168735884457,0.00017790252911709104,1.1074822875553605
704,1.0,1.0,1.0,0.01363805350297298,0.0003371785114723025,1.1461061418413439
705,1.0015943738301913,1.0,1.0,0.03646773768048206,0.00025088818210861064,1.1098816313026683
706,1.0,1.0,1.0,0.0072278604483244635,0.00023226163534673105,1.1135387201545865
707,1.0323798880586128,1.0,1.0,0.019548370861343756,0.00022161789422625588,1.187279378623792
708,1.0,1.0,1.0,0.010900331248421935,0.00023606297145306598,1.1038390701532135
709,1.0019023413959538,1.0,1.0,0.0359921905351257,0.00033907917952546995,1.1086499633152915
710,1.0027944843304684,1.0,1.0,0.11890617314179508,0.0004618623353280782,1.1366870733502343
711,,1.0,0.0,0.053057148526590936,0.0003672090666668737,1.1391138792554925
712,1.0047403304984777,1.0,1.0,0.03856607520413036,0.0002999254178348565,1.1296114005282867
713,1.0241486153182398,1.0,1.0,0.04304747032483647,0.00031170955969628267,1.1866378222814404
714,1.0,1.0,1.0,0.01673272121684022,0.0002881412758597435,1.1179844897472282
715,1.0,1.0,1.0,0.013026418525555528,0.0002641928585944697,1.1723523146175021
716,1.011455304994278,1.0,1.0,0.04286500619241451,0.0003337573090220758,1.1692940335541584
717,1.0,1.0,1.0,0.016559000157371884,0.00022579936398869904,1.1574702426915433
718,1.0,1.0,1.0,0.02562138540451997,0.00034174011477716704,1.197464542153732
719,1.0,1.0,1.0,0.008411216374270225,0.00023226163534673105,1.1123360592173048
720,1.0,1.0,1.0,0.008474698687109594,0.0007560857491171191,1.17734795965781
721,1.0,1.0,1.0,0.012165035766770416,0.00020793308431166224,1.179271744550984
722,,1.0,0.0,0.057281573327372826,0.00038089387658146734,1.161569203061189
723,1.0,1.0,1.0,0.019956254224325676,0.0002801584701046522,1.1841565941353818
724,1.022087288308665,1.0,1.0,0.0567125133142099,0.0005489129318902997,1.1506996314079136
725,1.0,1.0,1.0,0.0066660229737181,0.0001942482743970686,1.1402546301337682
726,1.0060695439877796,1.0,1.0,0.06185458064794602,0.0003075280899338395,1.1315832070940264
727,1.0,1.0,1.0,0.014389577648671548,0.00025392925101641595,1.1704379386064376
728,1.0,1.0,1.0,0.016177726147134308,0.0002550696518710538,1.1170198264234523
729,1.0,1.0,1.0,0.009069227652162226,0.0002771174011968469,1.128667228715006
730,1.0,1.0,1.0,0.01572118568242331,0.0003493427869898369,1.1096247393794936
731,1.001378105462581,1.0,1.0,0.06244454800969379,0.00023872390659107623,1.1699419545632082
732,1.0,1.0,1.0,0.013647936976894925,0.00023568283779695776,1.1975625451923133
733,1.0004704427972024,1.0,1.0,0.036520576252200954,0.00024176497561256838,1.1126627555255724
734,,1.0,0.0,0.018558122808940425,0.0002942234136753541,1.1922797971006183
735,1.0041527201312745,1.0,1.0,0.029775105354019615,0.00037785280767366203,1.156357903657559
736,1.0,1.0,1.0,0.039357893512374176,0.000199950278556571,1.1078682364051882
737,1.0352568367359727,1.0,1.0,0.04585817823249272,0.00033337717536596756,1.1729508091543166
738,1.0,1.0,1.0,0.006337207401656997,0.00021135428687557578,1.1949437703295616
739,1.0035879598462996,1.0,1.0,0.12838632522561966,0.000479728615005115,1.1646103003721657
740,1.0197611879625017,1.0,1.0,0.03212471119354632,0.000243665643552049,1.187010959484174
741,1.0487270968019111,1.0,1.0,0.020643155656330237,0.00032273343435917923,1.193348890471477
742,1.0,1.0,1.0,0.00835039499679624,0.00022085762702772627,1.148789457698025
743,1.0,1.0,1.0,0.013696213945195268,0.00026191205688519403,1.1922885532665235
744,1.0,1.0,1.0,0.03439600950946442,0.00033489770987671363,1.1639281853458505
745,1.0079865463264326,1.0,1.0,0.06927250790113249,0.0002892816767143813,1.1068439492913815
746,1.0,1.0,1.0,0.009214818824489157,0.00025050804856618925,1.1811045358671155
747,1.0,1.0,1.0,0.02526710088056916,0.00032577450326698454,1.1635616631741248
748,1.02130299606608,1.0,1.0,0.036368522808402304,0.00025164844930714025,1.1819863623591458
749,1.0,1.0,1.0,0.016535812007191453,0.00025659018626811303,1.159324438230437
750,1.0045121056067896,1.0,1.0,0.0475300058465109,0.0003979998890599745,1.127351109792259
751,1.0,1.0,1.0,0.027332366780342454,0.0002968843489270512,1.166864201308103
752,1.0,1.0,1.0,0.016334721327780244,0.0003014459522319157,1.157909182112077
753,1.0059590205799616,1.0,1.0,0.028995831454835752,0.0003972396218614449,1.1738733427573322
754,1.0,1.0,1.0,0.01279909862716977,0.00021743642457749957,1.1737968687097595
755,1.0114077271743598,1.0,1.0,0.027398890161862255,0.0004227085735237779,1.1014282372098454
756,1.0,1.0,1.0,0.013679488066486556,0.0002368232386515956,1.1906834948774363
757,1.004556006767849,1.0,1.0,0.14328794284620017,0.0004899922224694819,1.1651016497152469
758,1.005529871116076,1.0,1.0,0.027617466987294392,0.00027445646594514983,1.1580020343218538
759,1.0,1.0,1.0,0.02096132748738455,0.00025925112163349695,1.188597727694227
760,1.0,1.0,1.0,0.020218546414639604,0.00026609352653395035,1.183948881269838
761,1.0,1.0,1.0,0.0204861604756843,0.00029004194391291094,1.135648307274561
762,1.0,1.0,1.0,0.006398789046329512,0.00016003624955374107,1.1553097316055605
763,1.0020654599065986,1.0,1.0,0.033764987717859185,0.00020299134735068947,1.1047135323925612
764,1.0,1.0,1.0,0.03443782420652042,0.0003345175762206054,1.1786396544503623
765,1.000871660097329,1.0,1.0,0.02030901821376574,0.0003128499605509205,1.120213723553904
766,,1.0,0.0,0.41225984108893954,0.0005401698589366788,1.117448329082715
767,1.0,1.0,1.0,0.018766816160564304,0.0003710104027732086,1.173669349304109
768,1.0016743004279347,1.0,1.0,0.015967132127684636,0.0007937189762969865,1.1976759368478165
769,,1.0,0.0,0.09768369386472386,0.0002889015430582731,1.1272284937456536
770,1.0,1.0,1.0,0.021516322556976775,0.0002828194053563493,1.1319601013925733
771,1.0,1.0,1.0,0.015816979351939153,0.00033603811061766464,1.1658080136132456
772,1.0,1.0,1.0,0.011032997878032802,0.0001862654685282905,1.1351393667710303
773,1.0015210641417747,1.0,1.0,0.060028418788647286,0.0006382443301617968,1.1347865946266347
774,1.0132570217397012,1.0,1.0,0.05058666019931479,0.0005044372995826052,1.1219606016721428
775,1.0063274511323275,1.0,1.0,0.018256296723166088,0.00031208969323870406,1.1836364638145374
776,1.028085203877977,1.0,1.0,0.03413181665098364,0.00031437049494797975,1.16075947401547
777,1.0020434975384975,1.0,1.0,0.0627935106631412,0.00029840488343779725,1.1262883878093761
778,1.0,1.0,1.0,0.009684283832143592,0.00025012791502376786,1.1233739628804689
779,1.0013264442556997,1.0,1.0,0.1106154591215045,0.0003797534757268295,1.183732303577871
780,1.0,1.0,1.0,0.012676315471367161,0.00026875446178564744,1.1938408161985854
781,1.0103053404680185,1.0,1.0,0.07783349691749208,0.0003789932085282999,1.1187208777120012
782,1.0,1.0,1.0,0.030765733540079054,0.00033299704182354617,1.165926294263462
783,1.0,1.0,1.0,0.013021096655052133,0.000237203372194017,1.162633715878326
784,,1.0,0.0,0.10908047960697331,0.0008454171471612426,1.1121119263171366
785,1.0041335618302574,1.0,1.0,0.028840736942242984,0.0002467067124598543,1.1691071385663812
786,1.0,1.0,1.0,0.0064877403109449006,0.00020679268357071123,1.135324419892938
787,1.0,1.0,1.0,0.00948585408798408,0.001106568936847907,1.1098849326160452
788,1.0009563453684587,1.0,1.0,0.021414826883415117,0.0002124946876165268,1.1563359800710549
789,1.0045950754794184,1.0,1.0,0.033102414836776006,0.00033603811061766464,1.1463019824383442
790,1.0021401014276041,1.0,1.0,0.07884123111591634,0.00031361022774945013,1.1983793660703776
791,1.0,1.0,1.0,0.007657411426862382,0.0003615070625073713,1.1869928641566891
792,1.0021562384587872,1.0,1.0,0.09611488245889177,0.0002854803406080464,1.1546199429606059
793,1.0,1.0,1.0,0.013264382165061761,0.0002679941945871178,1.1656886562196282
794,1.0,1.0,1.0,0.011602438024851836,0.0008100647214632772,1.1467469230500527
795,1.0062509957922896,1.0,1.0,0.08104334511494926,0.00031513076214650937,1.1467313178982201
796,1.0,1.0,1.0,0.025392164838081044,0.00029612408172852156,1.1301452978065396
797,1.0036386804954458,1.0,1.0,0.07898720242189938,0.00036264746336200915,1.1631541768124576
798,1.0568744591709682,1.0,1.0,0.031213530931950118,0.0002664736601900586,1.1848975626374738
799,,1.0,0.0,0.032997878094192856,0.00030904862433089875,1.1006555391823722
800,1.0,1.0,1.0,0.006883459398295599,0.00019386814074096037,1.165965624867866
801,1.0,1.0,1.0,0.037302130952980406,0.00030296648662897496,1.1304127420576604
802,1.0,1.0,1.0,0.025844523833143285,0.00031094929249775305,1.174001558719865
803,1.0,1.0,1.0,0.018924191474866348,0.0002649531256793125,1.1359361737958003
804,1.0,1.0,1.0,0.03386686352519064,0.0003063876891928885,1.1430933448710776
805,1.0,1.0,1.0,0.023737443236541367,0.000292702879164608,1.1860962004759321
806,1.0,1.0,1.0,0.01311194858772069,0.0002641928584807829,1.117617744458506
807,1.0053059785633285,1.0,1.0,0.19559014602452862,0.0004162463022794327,1.1845406651034995
808,1.0,1.0,1.0,0.03699118166048265,0.0002915624783099702,1.1673772173299044
809,1.0,1.0,1.0,0.02671769073390351,0.00030410688759729965,1.1956674597761094
810,1.0,1.0,1.0,0.015803294541910873,0.00026039152237444796,1.1615270686986046
811,1.0,1.0,1.0,0.02296197067346384,0.0002729359315480906,1.1351361800264195
812,1.004327723432448,1.0,1.0,0.03634457439102334,0.00029232274562218663,1.177167167378396
813,1.006473948424715,1.0,1.0,0.03457277163772687,0.0004215681727828269,1.1364730496227187
814,1.006315402220683,1.0,1.0,0.035820370143710534,0.00041510590142479487,1.1200770783849818
815,1.0,1.0,1.0,0.012510577217767604,0.0007462022751951736,1.1297452110597004
816,1.0059768150197697,1.0,1.0,0.047974001902161945,0.0002679941945871178,1.1661653987847012
817,1.0,1.0,1.0,0.007539189874478325,0.00023074110083598498,1.1716252640362346
818,1.0157624611489429,1.0,1.0,0.10620362845133968,0.0003056274219943589,1.1770506061964754
819,1.0,1.0,1.0,0.007299325566918924,0.0002303609672935636,1.1110167377218305
820,1.0,1.0,1.0,0.013320641939230882,0.00021591589018044033,1.1900806776960724
821,1.0,1.0,1.0,0.012160094029809443,0.000279778336448544,1.144044335081402
822,1.0,1.0,1.0,0.016517565593971995,0.00030790822358994774,1.1635412239774194
823,1.0,1.0,1.0,0.01710335148595732,0.00025354911747399456,1.1847943680017223
824,1.0087249613538596,1.0,1.0,0.0692865728445895,0.0003820342774361052,1.1710712625898114
825,1.0,1.0,1.0,0.013132855936191845,0.00019957014490046276,1.1068296236853268
826,1.0199013872876062,1.0,1.0,0.196219267147967,0.0006507887392217526,1.1099349900763908
827,1.0,1.0,1.0,0.008575053959930301,0.00018930653743609582,1.1405656577518777
828,1.0097159028931937,1.0,1.0,0.060400189458619025,0.00022275829508089373,1.1844722772231493
829,1.0,1.0,1.0,0.016055323124987808,0.00022846029924039613,1.1658834969278482
830,1.0,1.0,1.0,0.041518572948007204,0.000298024749781689,1.1164373556525113
831,1.0083170302012372,1.0,1.0,0.048335508964669316,0.00039723962174775806,1.134654591223967
832,1.0,1.0,1.0,0.008555667145856205,0.00021971722617308842,1.1926998076309672
833,1.0,1.0,1.0,0.00660140026013778,0.00021059401967704616,1.1337193720332697
834,1.000276220499719,1.0,1.0,0.06900717464168338,0.0003919177512443639,1.184705649189836
835,1.0,1.0,1.0,0.010270069724128916,0.0002508881822222975,1.1966772053056665
836,1.002774254635644,1.0,1.0,0.06818608604544352,0.0002155357565243321,1.130006832818121
837,1.0095430807459314,1.0,1.0,0.2263148251347502,0.000413965500570157,1.196729931286247
838,1.0015044079916025,1.0,1.0,0.03408734101867594,0.00026533325933542073,1.1545893707348096
839,1.0,1.0,1.0,0.0287407618029647,0.001300056944046446,1.1440935886392263
840,1.0036198178496307,1.0,1.0,0.11013839144175108,0.00036036666165273346,1.1177014681427715
841,1.0,1.0,1.0,0.01581317801583282,0.00022655963118722866,1.1796303229347649
842,1.0,1.0,1.0,0.01869649144282448,0.0002603915224881348,1.1468036717599324
843,1.0086252178784638,1.0,1.0,0.04110270677938388,0.00035466465749323106,1.1249100399680414
844,1.0,1.0,1.0,0.01611158289915693,0.0003219731671606496,1.1196957174174187
845,1.0,1.0,1.0,0.007862303442493612,0.00021401522201358603,1.1400351455166509
846,1.0,1.0,1.0,0.016050761521569257,0.00024822724685691355,1.1730628568037784
847,1.0,1.0,1.0,0.01810994528352694,0.0002649531256793125,1.1739170719386256
848,1.0119112977847036,1.0,1.0,0.038213311214576606,0.0002911823447675488,1.1803226383419045
849,1.0,1.0,1.0,0.011240170695259621,0.001957688088282339,1.1525868656016651
850,1.0137107104513594,1.0,1.0,0.05528853281350621,0.00027255579789198237,1.1202291270890918
851,,1.0,0.0,0.1625572956382939,0.0005245843809689177,1.172519420180447
852,1.0,1.0,1.0,0.025039020714984872,0.00029916515063632687,1.1047701359917361
853,1.0003389175327508,1.0,1.0,0.048415337022674976,0.00027103526349492313,1.1618157636927935
854,1.0,1.0,1.0,0.02061654630369958,0.00026913459544175566,1.180832038051859
855,1.0008293384662899,1.0,1.0,0.029807036577267354,0.0002622921904276154,1.139608661839866
856,1.0,1.0,1.0,0.0194966726904795,0.00027597700034220907,1.1804299053746652
857,1.0,1.0,1.0,0.03142298455054515,0.0002881412758597435,1.1581315766251838
858,1.0,1.0,1.0,0.010542245388478477,0.00020793308431166224,1.1424676116393284
859,1.0342078533552221,1.0,1.0,0.08244907920231981,0.0005899673617477674,1.1144064604067412
860,1.0148882188082884,1.0,1.0,0.0819917784702966,0.00028890154317195993,1.1449468200353095
861,1.004356346475316,1.0,1.0,0.1022357938368259,0.0003360381107313515,1.156601959614856
862,1.0064393904233218,1.0,1.0,0.09189197819250694,0.0003010658185758075,1.188128799559904
863,1.0318561336617262,1.0,1.0,0.1331497794844836,0.0007940991099530947,1.1354127502157654
864,1.0102455316118075,1.0,1.0,0.03627691060853522,0.00037177066997173824,1.1221469780025461
865,1.0045569666516394,1.0,1.0,0.017917977810839147,0.00025050804856618925,1.1677154386804904
866,1.0028426131357133,1.0,1.0,0.036109271686882494,0.0005819845558789893,1.1417568390197792
867,1.0,1.0,1.0,0.008008654882019073,0.0001729607922698051,1.152993042050108
868,1.0,1.0,1.0,0.017361842340392286,0.00022922056643892574,1.1716538462325385
869,1.0012817576609756,1.0,1.0,0.07229304956103988,0.00038621574719854834,1.1995282586428797
870,1.0,1.0,1.0,0.030353668707448378,0.0003360381107313515,1.1945697805406141
871,1.0,1.0,1.0,0.023724518693825303,0.00027711740131053375,1.1072713371005072
872,1.0084030010932508,1.0,1.0,0.06675412273909842,0.00044589672370420885,1.166691085957774
873,1.0103263180088211,1.0,1.0,0.15120156432578824,0.0004823895503704989,1.138541571402889
874,1.0,1.0,1.0,0.014599791534692486,0.0002451861780627951,1.1661279908611597
875,1.0023803696698628,1.0,1.0,0.10294702381986554,0.00032349370155770885,1.162402409761599
876,1.0191369410069326,1.0,1.0,0.08798724575717642,0.0002858604741504678,1.1550605662570923
877,1.0007255256589622,1.0,1.0,0.023235666872096772,0.000273316065090512,1.1288883939522243
878,1.0004237791133646,1.0,1.0,0.027858091562052323,0.000273316065090512,1.1298894047662695
879,1.0,1.0,1.0,0.022655582984384637,0.0003394593131815782,1.1243686869968992
880,,1.0,0.0,0.03199432536553104,0.0003044870210260342,1.1035759510985463
881,1.003346199282255,1.0,1.0,0.02795540576607891,0.0002911823447675488,1.136448452129642
882,1.0,1.0,1.0,0.009278301137328526,0.0002455663117189033,1.1881424509769396
883,1.015703491310569,1.0,1.0,0.7725892496695224,0.0006044124388608907,1.1246811018936946
884,1.0055585133944225,1.0,1.0,0.042277319632262333,0.0002835796725548789,1.1805178592030574
885,1.0,1.0,1.0,0.015067736007836174,0.00023872390670476307,1.1842436759445472
886,1.019494021855212,1.0,1.0,0.019926983936329634,0.00027027499618270667,1.1440083032412525
887,1.000047368329184,1.0,1.0,0.02963901752195852,0.0001965290761063443,1.170278805304487
888,1.0219859691101603,1.0,1.0,1.0659265718715005,0.0005101393038557944,1.1636942128640924
889,1.0010658006621123,1.0,1.0,0.04466379843188406,0.00033945931306789134,1.1604250711216402
890,1.0226988775976331,1.0,1.0,0.06452882058977139,0.00048467035196608776,1.1515928685292154
891,1.0141721375368318,1.0,1.0,0.04474438675697456,0.0002516484494208271,1.12196212099244
892,1.0,1.0,1.0,0.010745997003027696,0.0005242042473128095,1.1474934319794539
893,1.0,1.0,1.0,0.019677236154961975,0.0002691345953280688,1.145021623848328
894,1.0,1.0,1.0,0.02916651144539628,0.0003729110708263761,1.1611467282387833
895,1.0,1.0,1.0,0.009808967655999368,0.00028624060792026285,1.117328452425569
896,1.0,1.0,1.0,0.027871396238310808,0.00030334662017139635,1.1697856416742158
897,1.0153524943424805,1.0,1.0,0.8864362246042674,0.0004835299511114499,1.1156944711088201
898,1.002435881914061,1.0,1.0,0.021044576747840438,0.00019728934319118707,1.186116479666702
899,1.0,1.0,1.0,0.011936955601186128,0.00020489201551754377,1.1627640410001048
900,1.003567682982875,1.0,1.0,0.04623108930320541,0.000273316065090512,1.1647835636677448
901,1.002167930454544,1.0,1.0,0.02881184678790305,0.00029080221111144056,1.135952328024126
902,1.0,1.0,1.0,0.015123235514806765,0.0002159158900667535,1.1350547692549136
903,1.0,1.0,1.0,0.013682909268936783,0.00020527214905996516,1.106114573929396
904,1.0033327890467147,1.0,1.0,0.024415221462049885,0.00025278885027546494,1.111369797682735
905,1.0,1.0,1.0,0.010596224360938322,0.000243665643552049,1.1203437361003554
906,1.051719166607463,1.0,1.0,0.1830594217254884,0.0005177419759547774,1.1694384151681205
907,1.0110264525034043,1.0,1.0,0.07401125347541893,0.00040294162590726046,1.189388276678661
908,1.003517198316841,1.0,1.0,0.021238444888695085,0.00023910404024718446,1.1775462626134703
909,1.001539238948586,1.0,1.0,0.04937897572233396,0.00031779169739820645,1.115190329300211
910,1.0,1.0,1.0,0.024971737066152855,0.0002706551298388149,1.139568505823953
911,,1.0,0.0,0.05122604493033123,0.0003386990458693617,1.177632258958323
912,1.0,1.0,1.0,0.013799990420693575,0.000279778336448544,1.14659609044934
913,1.0034342494348907,1.0,1.0,0.07601835893285624,0.00031094929249775305,1.1816250145926752
914,1.0,1.0,1.0,0.01634688560329778,0.0002923227455084998,1.186310208246596
915,1.0,1.0,1.0,0.013917451705879103,0.00044247552125398215,1.1922945352569232
916,1.0,1.0,1.0,0.018885797980260577,0.0003588461272556742,1.1248638419571508
917,1.0,1.0,1.0,0.0680104643180357,0.00024556631160521647,1.127814313502664
918,,1.0,0.0,0.04232787740227195,0.0003763322732766028,1.1004901444801014
919,1.0,1.0,1.0,0.016879072656479366,0.0002695147290978639,1.194920438926487
920,1.0043509287535384,1.0,1.0,0.027620508056202198,0.00026609352653395035,1.1484441369688514
921,1.0,1.0,1.0,0.032232669138579695,0.0003193122317952657,1.1717003791279779
922,,1.0,0.0,0.09665543245137087,0.0006207581841408683,1.1443242392833353
923,1.0,1.0,1.0,0.012204189528574716,0.0001919674726877929,1.1597862903179392
924,1.0159370560914296,1.0,1.0,0.07191937822301497,0.0003041068874836128,1.1415521855828605
925,1.001163934256601,1.0,1.0,0.04127300663640199,0.00034212024843327526,1.1553288430537165
926,1.0,1.0,1.0,0.007328215721258857,0.00022998083363745536,1.1609550248872627
927,,1.0,0.0,0.06575931308327654,0.00040864363006676285,1.1138394563514966
928,1.0,1.0,1.0,0.01212968334107245,0.00027445646594514983,1.1905992963460112
929,1.0026626714032942,1.0,1.0,0.052914978556600545,0.00038203427732241835,1.1337600396735066
930,1.0004053451669377,1.0,1.0,0.06863920530781797,0.0003641679977590684,1.1568417116833987
931,1.0040358022113236,1.0,1.0,0.05528359107665892,0.00026685379373247997,1.152851277478059
932,1.0,1.0,1.0,0.03977908155161458,0.0003174115637420982,1.1480561677263375
933,1.0,1.0,1.0,0.011107884199191176,0.00026571339299152896,1.1332422128382449
934,1.0116238278384833,1.0,1.0,0.039592055815774074,0.0002497477813676596,1.1820433759000908
935,,1.0,0.0,0.12196852949875847,0.0005508135999434671,1.1114908705449469
936,1.0051051957137138,1.0,1.0,0.059037030335503005,0.00036682893301076547,1.1150664128964447
937,1.0168004643736197,1.0,1.0,0.24250813675985228,0.00034782225259277766,1.1306248742151348
938,1.000272870884171,1.0,1.0,0.062373082891213016,0.00033527784353282186,1.102844519098823
939,1.0140443675469633,1.0,1.0,0.033474565640290166,0.0002790180692500144,1.1511728931370424
940,1.0,1.0,1.0,0.01998704504660509,0.0002835796725548789,1.1128659281569144
941,1.0250459319589191,1.0,1.0,0.03735154832224907,0.00028129887095929007,1.1683451037436459
942,1.0,1.0,1.0,0.010812520384661184,0.00018778600303903659,1.1926047641261845
943,1.0,1.0,1.0,0.015825342291236666,0.00026305245762614504,1.181967882388727
944,1.0,1.0,1.0,0.023313974395705372,0.0004105442981199303,1.161448668622961
945,1.0,1.0,1.0,0.009223181764014043,0.0002736961987466202,1.196241424151194
946,1.010806374967637,1.0,1.0,0.08074684089967832,0.00035086332138689613,1.1142166978582355
947,1.0,1.0,1.0,0.02080129123783081,0.00025468951821494556,1.185960903279697
948,1.0,1.0,1.0,0.02064809739329121,0.0004649034042358835,1.1315409517640052
949,,1.0,0.0,0.24655161796260927,0.0009860665827545745,1.1313422143269658
950,1.0,1.0,1.0,0.011221924281926476,0.0002828194053563493,1.178737055166714
951,1.0019976934999724,1.0,1.0,0.14679581579343903,0.0002524087166193567,1.1654479604452113
952,1.000228482733615,1.0,1.0,0.02059145748546598,0.00018930653743609582,1.1468542421887957
953,1.0,1.0,1.0,0.01954380925803889,0.00027863793559390615,1.1374722182856336
954,1.0039288301857934,1.0,1.0,0.01866456021969043,0.0001908270719468419,1.11609198409781
955,1.0,1.0,1.0,0.01151766822999889,0.0001942482743970686,1.1257737340143903
956,1.0,1.0,1.0,0.007745602424392928,0.00022846029924039613,1.1731201294851097
957,1.0,1.0,1.0,0.008330247915523614,0.00021477548932580248,1.1548456618239455
958,1.0110292359189663,1.0,1.0,0.052163074277359556,0.00027521673314367945,1.1897464505428288
959,1.0,1.0,1.0,0.03804073055596291,0.0003037267538275046,1.146216474482244
960,1.0011350895542694,1.0,1.0,0.02483983070362683,0.00025925112163349695,1.168512926451194
961,1.0261509314366322,1.0,1.0,0.09829076723883645,0.00032121289996212,1.140719513944108
962,1.004234734240284,1.0,1.0,0.02116355856753671,0.0002242788295916398,1.1571252541752863
963,1.01735907826115,1.0,1.0,0.10844033460875835,0.00020147081295363023,1.1279059526655737
964,1.0,1.0,1.0,0.01388780128434064,0.00020223108015215985,1.1380080663394958
965,1.0,1.0,1.0,0.022594001339598435,0.00030486715479582926,1.1619944859261446
966,1.0,1.0,1.0,0.013623608425859857,0.00021401522212727286,1.1788177257983923
967,1.0093830283808103,1.0,1.0,0.042760469449717675,0.0003972396218614449,1.1740204132060639
968,1.0000000000000002,1.0,1.0,0.06940745533245263,0.0007868765713965331,1.1806840104342287
969,,1.0,0.0,0.04525908766413522,0.0002630524577398319,1.1519121731969453
970,,1.0,0.0,0.5025567786566398,0.0008936941156889588,1.1197144924419258
971,,1.0,0.0,0.06764097444965955,0.00028624060792026285,1.1570474572200422
972,1.003524826835499,1.0,1.0,0.034554145090964994,0.0003497229206459451,1.1135987230927473
973,1.0041391817830188,1.0,1.0,0.066998548649849,0.000298024749781689,1.1428794089090097
974,1.0,1.0,1.0,0.019741478734999873,0.00029954528417874826,1.1967476904795316
975,1.0,1.0,1.0,0.019256428249377677,0.00029004194391291094,1.1893549447670129
976,1.0125374970351135,1.0,1.0,0.07251504758892224,0.000322353300703071,1.1826435870718146
977,1.0456845525652307,1.0,1.0,0.3773928460375373,0.0005766626853755952,1.1361579815361318
978,1.0,1.0,1.0,0.009293506481753866,0.0002334020362013689,1.135371062218456
979,1.0,1.0,1.0,0.0167962035295659,0.0002459464452613247,1.1955803206310338
980,1.0,1.0,1.0,0.014172141224207735,0.00021819669177602918,1.1899217674824594
981,1.0,1.0,1.0,0.019208151281077335,0.000357325592858615,1.18818293750522
982,1.0,1.0,1.0,0.023570564581973485,0.0003063876891928885,1.1812664404140225
983,1.006708879944593,1.0,1.0,0.06748473953621215,0.00028890154317195993,1.151786465245347
984,1.0,1.0,1.0,0.027605682845432966,0.00029346314636313764,1.1674128355218145
985,1.0,1.0,1.0,0.017185840479214676,0.0002493676477115514,1.1713619943876599
986,1.032591760505924,1.0,1.0,0.15597034045526925,0.0008701258318524197,1.1390197868265217
987,1.0,1.0,1.0,0.033755864511249456,0.00029080221111144056,1.1682536510798747
988,1.0,1.0,1.0,0.014609675008500744,0.0002223781614247855,1.1932236586608775
989,1.0397094363195813,1.0,1.0,0.18558122809008637,0.0007538049472941566,1.1483734029314046
990,1.0,1.0,1.0,0.022406975603757928,0.00028433993975340854,1.1221918345089976
991,1.0,1.0,1.0,0.011668581272942902,0.00022960069998134713,1.1811624086772508
992,1.0004108753147731,1.0,1.0,0.03697179484652224,0.00022047749337161804,1.1076981416992389
993,1.0056857239335517,1.0,1.0,0.05645402245988862,0.00028700087511879246,1.164723795539668
994,1.0002285751112345,1.0,1.0,0.038962554558679585,0.00028167900450171146,1.1037938986073388
995,1.0033978362026572,1.0,1.0,0.10073046474383318,0.0003706302691171004,1.128941999197596
996,1.0000069280925075,1.0,1.0,0.04521461203182753,0.0004858107528207256,1.1752766007210884
997,1.0066162045555413,1.0,1.0,0.12945069933175546,0.00042917084499549674,1.1010647587767226
998,1.000088227757424,1.0,1.0,0.08605958822408866,0.0003607467953088417,1.1296330918911957
999,1.0,1.0,1.0,0.02129318412835346,0.0003166512965435686,1.1792354051773088
