,value_factor,feas_ip,feas_greed,time_ip,time_greedy,viol_coeff
0,1.039427539692716,1.0,1.0,0.13080157709282503,0.000304105730720039,1.113484848669596
1,1.0,1.0,1.0,0.036667548573859676,0.0003729096533788834,1.1370990011119857
2,1.0,1.0,1.0,0.01074861707911623,0.0003291944540251279,1.143571217735481
3,1.0059450900596476,1.0,1.0,0.07122764442738116,0.0002915613695222419,1.1012583947615613
4,1.0,1.0,1.0,0.021861780904146144,0.00027331502678862307,1.1284346591273426
5,1.0012838866112233,1.0,1.0,0.06251121389868786,0.0003257732651036349,1.138719520725417
6,1.0140878130138822,1.0,1.0,0.05254224788859574,0.00041130300178338075,1.1068843694754003
7,1.0025406427119525,1.0,1.0,0.03888828067738359,0.00023378128116746666,1.171387598830889
8,1.0,1.0,1.0,0.024616978831545566,0.0003227322067687055,1.114134862501397
9,1.0,1.0,1.0,0.02728740728525736,0.00035656396994454553,1.1714386768959137
10,1.0,1.0,1.0,0.015519275742008176,0.00023112035523809027,1.199131812486441
11,1.0,1.0,1.0,0.0239570693938731,0.00031132824278756743,1.1419216840946584
12,1.010181849851049,1.0,1.0,0.08128290043896413,0.0002858593879864202,1.1726120376361149
13,1.0183965122108036,1.0,1.0,0.07820801136131195,0.00047136388366197934,1.132677625704381
14,1.0017634750301658,1.0,1.0,0.09913960885933193,0.0005150790830157348,1.1264793405620723
15,1.0119480611093203,1.0,1.0,0.041838106272734876,0.00040255996282212436,1.1716941134000536
16,1.0111644842257368,1.0,1.0,0.07902871670376044,0.00042080630646523787,1.1425402955515649
17,1.0231315330750925,1.0,1.0,0.0715785064148804,0.0005158393469173461,1.1254116488779702
18,1.0,1.0,1.0,0.07624614926135109,0.00036340634869702626,1.1627730986297797
19,1.0073700877597274,1.0,1.0,0.10541216970341338,0.0005629757351925946,1.192114635993436
20,1.0002259749683027,1.0,1.0,0.018823764646185737,0.00032653352900524624,1.1928635980496811
21,1.023368974393715,1.0,1.0,0.09159398539668473,0.0005409280693129404,1.1177291950761077
22,1.0199626057425888,1.0,1.0,0.06791137142590742,0.0004934115495416336,1.1412589604410623
23,1.0,1.0,1.0,0.04533418178834836,0.00027217463048145873,1.1542198044536431
24,1.0015554255021615,1.0,1.0,0.05803971924979123,0.0003763308423003764,1.1740691413949929
25,1.0,1.0,1.0,0.027811609540549398,0.00029688322047149995,1.1103415139132489
26,1.0037964504371222,1.0,1.0,0.036106853630371916,0.00029954414549138164,1.1821226800559286
27,1.0,1.0,1.0,0.010806777299876558,0.00021933625885139918,1.1964288568341541
28,1.0115776133003862,1.0,1.0,0.02448279217696836,0.0002440448497509351,1.1363494862239887
29,1.0,1.0,1.0,0.013661569854775735,0.0002200965227530105,1.1449246533313306
30,1.0,1.0,1.0,0.02045719255693257,0.0002497468312867568,1.151809637939956
31,1.0,1.0,1.0,0.012786125479578914,0.00022655877000943292,1.1464125782173045
32,1.0,1.0,1.0,0.06595521130839188,0.00034858119488490047,1.1781506831592634
33,1.0,1.0,1.0,0.01343235015974642,0.00028737991578964284,1.1189599427721864
34,1.000554080099897,1.0,1.0,0.054766401182860136,0.0004481758223846555,1.1682030213470995
35,1.000706800857574,1.0,1.0,0.09370714009855874,0.0003193110178472125,1.1527438301302209
36,1.0036327089487591,1.0,1.0,0.01932325831057824,0.0005903452511120122,1.1852998881377128
37,1.002314538238253,1.0,1.0,0.17405529554525856,0.00045311754001886584,1.1096361376598303
38,1.0136681092364965,1.0,1.0,0.15433974084044166,0.0005751399648943334,1.1667978497200029
39,1.004273875248754,1.0,1.0,0.03604907354201714,0.0004135837943977094,1.1087572106776278
40,1.0,1.0,1.0,0.014141676778308465,0.00030638652424386237,1.1943838194254108
41,1.0114819980295755,1.0,1.0,0.02231717923677934,0.00027217462957196403,1.1769158682295773
42,1.0036588068062526,1.0,1.0,0.31148637758360564,0.0005181201404411695,1.1020612504804583
43,1.0,1.0,1.0,0.019061347249589744,0.00035960502827947494,1.1238226826550455
44,1.0035787286189035,1.0,1.0,0.04157429455062811,0.00035162225140084047,1.1927432421207995
45,1.012777644375326,1.0,1.0,0.1129802209634363,0.0004284089491193299,1.1119798931821838
46,1.0,1.0,1.0,0.013816283644700889,0.0002710342332647997,1.1769643365560225
47,1.0,1.0,1.0,0.010756979986581428,0.0002866196518880315,1.1791171227679205
48,1.0,1.0,1.0,0.028397393205523258,0.000436391724178975,1.114482820854888
49,1.0144651960025548,1.0,1.0,0.08020636614946852,0.0005952869687462226,1.1916491218708738
50,1.0,1.0,1.0,0.03919770825905289,0.00034820106247934746,1.1666795456379238
51,1.0,1.0,1.0,0.0087590053317399,0.00025810973966144957,1.1751956667142636
52,1.0232127922919803,1.0,1.0,0.048635629635100486,0.0004120632656849921,1.1918101069918665
53,1.0,1.0,1.0,0.03972723236438469,0.00032159181046154117,1.1068611074235124
54,1.0001888258782825,1.0,1.0,0.0526509656883718,0.00033641696518316166,1.1630893660117598
55,1.0,1.0,1.0,0.00917334939003922,0.00022465810889116256,1.19364193959167
56,1.0420089648427928,1.0,1.0,0.10939785544633196,0.000540547937816882,1.1248059181369991
57,1.0000954794140382,1.0,1.0,0.023093789248378016,0.00026609251563058933,1.195584442734219
58,1.0028232633319303,1.0,1.0,0.061371957802293764,0.0004462751612663851,1.1028365868406502
59,1.0,1.0,1.0,0.03846443331440241,0.0002706541008592467,1.1906500459741338
60,1.0012953886948874,1.0,1.0,0.11087961062276008,0.00041396392680326244,1.1196109775297391
61,1.0,1.0,1.0,0.018203008821728872,0.0002892805769079132,1.1487430838536663
62,1.0004001389907922,1.0,1.0,0.049939863090912695,0.00035390304492466385,1.1167907566630864
63,1.0151437431763657,1.0,1.0,0.1687535922492316,0.0004314500065447646,1.1142368575023809
64,1.024313766603819,1.0,1.0,0.7659153734575739,0.00038773480719100917,1.1246850484152977
65,1.0,1.0,1.0,0.011967700929744751,0.00023682233859290136,1.1771496747993844
66,1.0,1.0,1.0,0.02135240380448522,0.0002919415019277949,1.1510943262783588
67,1.0,1.0,1.0,0.009794485346901638,0.0001779018530214671,1.1292938526503906
68,1.0,1.0,1.0,0.01630652945368638,0.00021895612644584617,1.1112635213231474
69,1.0022502868911656,1.0,1.0,0.05029148534322303,0.00034820106247934746,1.1967994483053213
70,1.0,1.0,1.0,0.009559563669427007,0.00020945282267348375,1.1574926663285623
71,1.0,1.0,1.0,0.02400686670716823,0.000271414364760858,1.1512753367120627
72,1.0039490615849327,1.0,1.0,0.06110662555147428,0.0011681461410262273,1.1446161698142083
73,1.0037372693033169,1.0,1.0,0.03829185331142071,0.0003276739262219053,1.1849166673285296
74,1.0249386924290582,1.0,1.0,0.028441868668778625,0.00038431361826951616,1.1275046674788343
75,1.0026997148298138,1.0,1.0,0.2694737906476803,0.0007914351663202979,1.120391679222001
76,1.0,1.0,1.0,0.06215426979633776,0.00024024352751439437,1.1422518498709442
77,1.0058569223677012,1.0,1.0,0.05557304163448862,0.0002493666997906985,1.1479832914641228
78,1.0,1.0,1.0,0.0262070716744347,0.000301064674204099,1.1486859362818986
79,1.0060964903563439,1.0,1.0,0.049530460750247585,0.0002767362157101161,1.1737848580241568
80,1.0036678510145447,1.0,1.0,0.09053113586560357,0.0006044101410225267,1.1891925346562335
81,1.0,1.0,1.0,0.04638904854436987,0.00025126735999947414,1.1626193762352104
82,1.0095704382662192,1.0,1.0,0.39641018389284,0.0005660167926180293,1.1025340524196332
83,1.0,1.0,1.0,0.03197063555035129,0.0003653070098152966,1.1007109161266795
84,1.0040716656143085,1.0,1.0,0.016046519053816155,0.0004276486852177186,1.1053515783807024
85,1.001582918351018,1.0,1.0,0.07716188764516119,0.00029688322047149995,1.1367202192889738
86,1.0086975827597344,1.0,1.0,0.07897055648300011,0.00045653872984985355,1.1013966762916607
87,1.0019235079642943,1.0,1.0,0.07662894235090789,0.00038735467569495086,1.1639059719533433
88,1.0043124706968727,1.0,1.0,0.015199964723251469,0.0002292196950293146,1.1665695757789658
89,1.0005863670159885,1.0,1.0,0.03183074691423826,0.0005131784218974644,1.1946688319224452
90,1.0160565638076124,1.0,1.0,0.02535253456881037,0.0003139891678074491,1.1616347023893463
91,1.0,1.0,1.0,0.00721680914011813,0.0002288395626237616,1.1945323452459384
92,1.00068620028062,1.0,1.0,0.059327226890673046,0.0002889004454118549,1.1665645303221233
93,1.0041026249216884,1.0,1.0,0.05143872421558626,0.0002835785944625968,1.1142479919610835
94,1.0016258090362609,1.0,1.0,0.1230636067548403,0.0003649268774097436,1.1443228241397712
95,1.0,1.0,1.0,0.012118233267756295,0.0002535481535232975,1.1155782337369056
96,1.0147770779730902,1.0,1.0,0.06588868817925686,0.000470223487354815,1.1317928095570629
97,1.0095306232441155,1.0,1.0,0.11148972274622793,0.00035960502736998023,1.162175938802505
98,1.0057463095928805,1.0,1.0,0.033493825132609345,0.00114267728622508,1.1654987252282516
99,1.0019226773610084,1.0,1.0,0.13044539325437654,0.0005930061761318939,1.1004771165615677
100,1.0049001783832578,1.0,1.0,0.020899666395962413,0.0002889004445023602,1.1594817931109507
101,1.0505056332409182,1.0,1.0,0.01801826459086442,0.0002448051145620411,1.1652201438130576
102,1.0112165546141318,1.0,1.0,0.6619336410885808,0.0007519014206991415,1.1878682150579354
103,1.0129045078948125,1.0,1.0,0.029382315643488255,0.00040255996191262966,1.160358198299006
104,1.023330862079593,1.0,1.0,0.027516626980286674,0.0004797267911271774,1.1302701233183623
105,1.0147197346091088,1.0,1.0,0.3134239112250725,0.00048390824485977646,1.1794246888526294
106,1.0,1.0,1.0,0.024957197118055774,0.00032349247157981154,1.1054768426558617
107,1.0082936191462855,1.0,1.0,0.08720497942795191,0.0004816274522454478,1.1509119351754546
108,1.003483275698189,1.0,1.0,0.02753031173870113,0.00035428317733021686,1.176653187630307
109,1.003711206535681,1.0,1.0,0.031584041139467445,0.00020108991429879097,1.1635358829516338
110,1.0025670765360952,1.0,1.0,0.11103888599973288,0.00040255996191262966,1.121643856429954
111,1.0092658553174925,1.0,1.0,0.046174273871656624,0.0002831984620570438,1.1749942164972818
112,1.0001083507304205,1.0,1.0,0.04193389957799809,0.0003101878464804031,1.1073106744317949
113,1.0,1.0,1.0,0.01289636380806769,0.0002136342764060828,1.1373089107336394
114,1.0016977290343012,1.0,1.0,0.03848153926173836,0.0002839587268681498,1.1708089795139245
115,1.0044205698463455,1.0,1.0,0.22427607630652346,0.00045919965486973524,1.1395461790110903
116,1.0,1.0,1.0,0.01577434442424419,0.000301824939015205,1.1940046733197252
117,1.000256139488708,1.0,1.0,0.028030565666995244,0.0003284341901235166,1.1774585336185848
118,1.0,1.0,1.0,0.022795765631599352,0.0003611255560826976,1.1669186589728882
119,1.0096319463682755,1.0,1.0,0.277616601740192,0.0004485559538807138,1.1121566520514388
120,1.0,1.0,1.0,0.0106387588839425,0.00027863687591889175,1.1763982226159753
121,1.0012793112431324,1.0,1.0,0.03303690627217293,0.00021021308748458978,1.1566914083607538
122,1.0,1.0,1.0,0.012914990283206862,0.00030600639274780406,1.1682064529173235
123,1.0007046187220112,1.0,1.0,0.02416614208414103,0.00025734947575983824,1.1893573405864597
124,1.0052971589116608,1.0,1.0,0.04145987476931623,0.00033641696609265637,1.1911692636765756
125,1.0108062374952802,1.0,1.0,0.08411488506317255,0.000300684541798546,1.1828114143670085
126,1.0,1.0,1.0,0.021997488086526573,0.00025430841742490884,1.116130155303454
127,1.0019035714438944,1.0,1.0,0.06329466628903901,0.00046832282623654464,1.1109526506235792
128,1.0,1.0,1.0,0.028981656342693896,0.00028737991669913754,1.1503327615836472
129,1.0026124795104971,1.0,1.0,0.09593851590307167,0.0003310951151433983,1.1602027870296747
130,1.0538373081840973,1.0,1.0,0.10606485662901832,0.00047212414756359067,1.1586719721767935
131,1.0003643818320829,1.0,1.0,0.03515424242687004,0.0003919162618331029,1.1257417932558884
132,1.0121230591543593,1.0,1.0,0.11544157672778965,0.00042954934633598896,1.1006969513492195
133,1.0075169757671687,1.0,1.0,0.0779499016216505,0.0007256723019963829,1.186452338417097
134,1.0222525155902604,1.0,1.0,0.05603984393292194,0.0002927017667389009,1.172957282742784
135,1.0096341591951965,1.0,1.0,0.02767704275356664,0.0004732645447802497,1.1303231149687307
136,1.0090093901832422,1.0,1.0,0.03078424306568195,0.0003375573623998207,1.1706706311246347
137,1.0,1.0,1.0,0.03200256665240886,0.00033071498364734,1.1111790225102764
138,1.0,1.0,1.0,0.0283970130740272,0.00047212414847308537,1.1062855734107426
139,1.0255514996887873,1.0,1.0,0.030735966281099536,0.0006234167494767462,1.1549403387006432
140,1.0426427499932003,1.0,1.0,0.08447030863680993,0.00039647784706176026,1.1256232449095231
141,1.0103661708854323,1.0,1.0,0.04301575571844296,0.0002828183296514908,1.171874594778129
142,1.0010488316599973,1.0,1.0,0.030834420511382632,0.00032121167896548286,1.1188629184078382
143,1.0000000000000002,1.0,1.0,0.00743196394523693,0.00023074022374203196,1.1796081949078483
144,1.0176911745451862,1.0,1.0,0.07764351509740663,0.000502914853313996,1.1721804925669967
145,1.0191947083380422,1.0,1.0,0.04721925719150022,0.0003736699172804947,1.1253063688674239
146,1.013525573897479,1.0,1.0,0.053892857468781585,0.00036948846445739036,1.1629400497503704
147,1.0,1.0,1.0,0.012417397280842124,0.00020223031151545,1.1413779094416734
148,1.0,1.0,1.0,0.0298422755622596,0.00032691366141079925,1.1579942054884838
149,1.033241714402344,1.0,1.0,0.5086077127298267,0.0006044101410225267,1.1075382258274713
150,1.0,1.0,1.0,0.027494199183820456,0.0005283837090246379,1.1173668376457537
151,1.0380762273547939,1.0,1.0,0.030953021746427112,0.0004006593007943593,1.1426915517970564
152,1.0018280600708562,1.0,1.0,0.05398903090645035,0.00029384216304606525,1.1356094599742912
153,1.0067428564328655,1.0,1.0,0.05721027086747199,0.00025430841833440354,1.1860782325816763
154,1.0141543051220936,1.0,1.0,0.04257214148219646,0.0004215665703668492,1.1963161502055393
155,1.0419511699900867,1.0,1.0,0.03834203075803089,0.0007815517301423824,1.1555455568512683
156,1.0,1.0,1.0,0.010701480690840981,0.00026723291193775367,1.1712561264436239
157,1.0,1.0,1.0,0.01252573494821263,0.00032653352900524624,1.1216115530880244
158,1.0278838137994182,1.0,1.0,0.18207494381658762,0.00046262084470072296,1.1216792020592847
159,1.0,1.0,1.0,0.023782208598277066,0.0003558037060429342,1.1378501261417262
160,1.0006257685983224,1.0,1.0,0.0295195433545814,0.00022655877000943292,1.18467368862113
161,1.0,1.0,1.0,0.006206417847351986,0.00020070978280273266,1.1928317773906363
162,1.0068279251148788,1.0,1.0,0.10776366727168352,0.00030942758257879177,1.1497413125568623
163,1.000861793501642,1.0,1.0,0.029405503705675073,0.00030030440939299297,1.194669605613177
164,1.0001481041024711,1.0,1.0,0.0664296162494793,0.00036872819964628434,1.1701605634068244
165,1.0056571613328937,1.0,1.0,0.04670911982702819,0.0002508872285034158,1.1394101511630395
166,1.0032022244586216,1.0,1.0,0.0368500120121098,0.00031855075394560117,1.1142390899020347
167,1.0,1.0,1.0,0.0925982945746,0.00024252432103821775,1.1488122691158564
168,1.000376402616267,1.0,1.0,0.04404553375115938,0.00040217983041657135,1.1265715966871641
169,1.0364408669774388,1.0,1.0,0.05721065099896805,0.0004059811517436174,1.1310903471685803
170,1.0,1.0,1.0,0.022075795312048285,0.0005013943246012786,1.1842009930855597
171,1.0,1.0,1.0,0.02159644865332666,0.00035694410235009855,1.178533463951747
172,1.0,1.0,1.0,0.02817805694667186,0.0003763308432098711,1.1569128266078446
173,1.0,1.0,1.0,0.019681342809235503,0.0002885203120968072,1.1127403665786118
174,1.0240498539446743,1.0,1.0,0.1264235949556678,0.0003067666566494154,1.120215568834605
175,1.0,1.0,1.0,0.015103411154086643,0.0002923216352428426,1.143337323372281
176,1.0140389814345323,1.0,1.0,0.3197915051105156,0.0004306897426431533,1.1342904066202533
177,1.0,1.0,1.0,0.00707539997438289,0.00020565150043694302,1.1269505992519422
178,1.0,1.0,1.0,0.02093197762951604,0.0006659915516138426,1.1340282793087975
179,1.026068807020928,1.0,1.0,0.04134355432688608,0.0006827173674537335,1.1900264927994315
180,1.0023268226496282,1.0,1.0,0.12112303205594799,0.00033299577626166865,1.196582347723794
181,1.0,1.0,1.0,0.013144590111551224,0.00022769916722609196,1.1033788119274717
182,1.0,1.0,1.0,0.03628133429447189,0.0004219467018629075,1.1554065803962104
183,,1.0,0.0,0.1450724988062575,0.00047098375216592103,1.1442129255638336
184,1.008957691542203,1.0,1.0,0.0220898602019588,0.00043563146027736366,1.116087214720503
185,1.0122012370160385,1.0,1.0,0.11776304385512049,0.00037861163582419977,1.1404900137780583
186,1.0018366606520734,1.0,1.0,0.06949196096502419,0.000334516304974386,1.1381228257979226
187,1.0,1.0,1.0,0.03286128521176579,0.00046300097619678127,1.1118484454811792
188,1.0,1.0,1.0,0.02380463639565278,0.000639762432911084,1.136626149885562
189,1.0013168817962868,1.0,1.0,0.037096337654475064,0.00029422229545161827,1.1839003121594247
190,1.0178572885255281,1.0,1.0,0.042947331929099164,0.00025772960725589655,1.1363834248955298
191,1.0,1.0,1.0,0.012568309750349727,0.00028433885836420814,1.1792430065299484
192,1.0019596638794008,1.0,1.0,0.02027244832515862,0.00041168313418893376,1.1819556584439195
193,1.0,1.0,1.0,0.07644685904415383,0.0002261786376038799,1.179096491179637
194,1.019977773980798,1.0,1.0,0.18794076324502385,0.0004542579363260302,1.107368284125995
195,1.0000000000000002,1.0,1.0,0.03680477628495282,0.00026685277953220066,1.1209455050257184
196,1.0004197923074205,1.0,1.0,0.047461401380132884,0.00035998515977553325,1.1766564054018553
197,1.0,1.0,1.0,0.01721542545965349,0.00041472419161436846,1.1171101070037026
198,1.0,1.0,1.0,0.009854926360276295,0.00023302101635636063,1.1959657219403557
199,1.0230931499553886,1.0,1.0,0.029332518330193125,0.00031246863909473177,1.1192921035441183
200,1.0,1.0,1.0,0.020374703876768763,0.0002953626917587826,1.1568189489525194
201,1.0044243553506544,1.0,1.0,0.07620509498792671,0.00038393348677345784,1.1095144929109046
202,1.005556368519688,1.0,1.0,0.2024511682220691,0.0005857836649738601,1.1439371848165625
203,1.0,1.0,1.0,0.008554114094295073,0.0001714396057650447,1.160211438034255
204,1.0,1.0,1.0,0.008046257523346867,0.00019956938649556832,1.1647530376871331
205,1.0093792646112385,1.0,1.0,0.08441937092720764,0.00039571758316014893,1.1696593265025388
206,1.0128182541384947,1.0,1.0,0.15822089023913577,0.0005017744570068317,1.1028745334380416
207,1.0112388625064033,1.0,1.0,0.06229872001858894,0.0005508115054908558,1.1518535306886544
208,1.004442536039279,1.0,1.0,0.08886425632408645,0.00031512956411461346,1.1388928078667238
209,1.0,1.0,1.0,0.01605640248999407,0.00027901700832444476,1.1805667132669069
210,1.0000190187602342,1.0,1.0,0.15559493724776985,0.00045691886134591186,1.1109449290562647
211,1.019022207380447,1.0,1.0,0.01766056022279372,0.0002292196950293146,1.13564137911544
212,1.0020015993988338,1.0,1.0,0.049699999695803854,0.00044779568997910246,1.1493506990011058
213,1.0028715416556804,1.0,1.0,0.0691357771265757,0.0003637864811025793,1.169525711022713
214,1.0133945287370265,1.0,1.0,0.956631481633849,0.00035960502736998023,1.1120932331750497
215,1.0180450119408333,1.0,1.0,0.0782300590262821,0.00032995471883623395,1.1790667626913243
216,1.0,1.0,1.0,0.00818006404551852,0.00024328458493982907,1.1362824972533172
217,1.0,1.0,1.0,0.00933680622074462,0.0002505070970073575,1.157607065850327
218,1.0077200053469788,1.0,1.0,0.06104656466959568,0.0006420432255254127,1.191178575930085
219,1.0,1.0,1.0,0.07602225141636154,0.00021819586254423484,1.1398079499362084
220,1.0053768235652478,1.0,1.0,0.02425737380326609,0.00024328458493982907,1.14567358507219
221,1.021842142542768,1.0,1.0,0.02786976976221922,0.0003041057316295337,1.1251762163625085
222,1.0020981460990115,1.0,1.0,0.03700738672796433,0.00026609251563058933,1.1823766394884263
223,1.0,1.0,1.0,0.008477707529891632,0.00042384736389067257,1.1201385187876638
224,1.0,1.0,1.0,0.01184453810856212,0.00022731903391104424,1.1993947787725374
225,1.000205470554076,1.0,1.0,0.024231144684563333,0.00022655876909993822,1.1949155965794822
226,1.0,1.0,1.0,0.009386983666445303,0.0001839839678723365,1.1787677484434385
227,1.0006648976622532,1.0,1.0,0.06631063488111977,0.00032425273639091756,1.130052862837164
228,1.0043397053775196,1.0,1.0,0.03812991700942803,0.00022161705146572785,1.1470367080039139
229,1.0209936148875665,1.0,1.0,0.06384623806025047,0.0003641666135081323,1.1847477809436868
230,1.0044859889194946,1.0,1.0,0.0804359659759939,0.00038773480719100917,1.1295247436650864
231,1.0242608564964815,1.0,1.0,0.09799122959066153,0.0002767362157101161,1.1401600987019336
232,1.009044773182498,1.0,1.0,0.056166427943026065,0.0002463256423652638,1.192879518842483
233,1.0,1.0,1.0,0.011156118759572564,0.000234921677474631,1.1588923122579164
234,1.0015876245950097,1.0,1.0,0.10266267375845928,0.0003280540577179636,1.1460607704616648
235,1.006584375562569,1.0,1.0,0.07202592197245394,0.00044095331122662174,1.1537041227958116
236,,1.0,0.0,0.17211890230009885,0.00047706586610729573,1.109679308902349
237,1.000500181477023,1.0,1.0,0.028779426031178446,0.0003200712826583185,1.1096609383464233
238,1.0173541213023654,1.0,1.0,0.04277513205852301,0.00021249388009891845,1.1603131956929809
239,1.0,1.0,1.0,0.030233431560191093,0.00027597595089901006,1.1961202115434997
240,1.001315706074727,1.0,1.0,0.04471798755002965,0.00327369819933665,1.1888902329925986
241,1.0014545964141288,1.0,1.0,0.033252441208787786,0.00039571758316014893,1.1230609810404035
242,1.000540557425646,1.0,1.0,0.02410113948462822,0.0002075521624647081,1.1408873249587361
243,1.0269533931556656,1.0,1.0,0.15123862264408672,0.0005006340597901726,1.1304698527566488
244,1.0007092239025743,1.0,1.0,0.06971927999893524,0.0003919162609236082,1.1306362250100426
245,1.0,1.0,1.0,0.026494831722629897,0.0003345163040648913,1.143569327535222
246,1.0072532559662335,1.0,1.0,0.07580443568622286,0.00029650308897544164,1.1303984626791386
247,1.0018825783481629,1.0,1.0,0.02299533501809492,0.0002083124254568247,1.1946539141609984
248,1.0464213928956154,1.0,1.0,0.042448978661013825,0.0002949825593532296,1.1458040706414894
249,1.0113743705477813,1.0,1.0,0.3398522198194769,0.0003729096524693887,1.179744138246212
250,1.0054171063175696,1.0,1.0,0.030003451600350672,0.0002493666997906985,1.1387953195442688
251,1.0028978977932277,1.0,1.0,0.01605184090385592,0.0002801574055411038,1.101873530161013
252,1.0127061723193602,1.0,1.0,0.06905366857972695,0.0003763308432098711,1.1807853501504062
253,1.0046140342454615,1.0,1.0,0.03487712607966387,0.00025468855073995655,1.1743886388679146
254,1.0,1.0,1.0,0.027591513017796387,0.0002166753338315175,1.1662114008363011
255,1.0220101141529851,1.0,1.0,0.12230486295447918,0.0004394327825139044,1.1757511021387586
256,1.0157283070273033,1.0,1.0,0.26657528289433685,0.0005557532240345608,1.151176211309468
257,1.007173782106313,1.0,1.0,0.09847969942256896,0.00035694410235009855,1.1010592148087313
258,1.0047128253853153,1.0,1.0,0.8474305346489928,0.00047402480959135573,1.1277782587179173
259,1.0,1.0,1.0,0.020320725109741034,0.00039685797946731327,1.1268823052883534
260,1.0,1.0,1.0,0.010562732450125623,0.0002584898720670026,1.1730467180634598
261,1.0,1.0,1.0,0.01280893340936018,0.0003067666566494154,1.179187890182535
262,1.002758159404757,1.0,1.0,0.08320903011554037,0.0002619110609884956,1.16398480212087
263,1.0,1.0,1.0,0.07660005230627576,0.0002927017667389009,1.13936097439142
264,1.0057227506467359,1.0,1.0,0.1092640489241603,0.0004249877592883422,1.1880544950002185
265,1.0000239869246037,1.0,1.0,0.11583577378223708,0.00030942758166929707,1.1752330922002658
266,1.002422579014866,1.0,1.0,0.04912219880679913,0.00048694930228521116,1.1022729886754066
267,1.0,1.0,1.0,0.031065160735124664,0.00035694410235009855,1.190604948202636
268,1.0,1.0,1.0,0.011203635280253366,0.0006485054727818351,1.1557562547514102
269,1.0021779834865365,1.0,1.0,0.10679775144217274,0.00033337590775772696,1.1290524896781982
270,1.0,1.0,1.0,0.02174774125433032,0.00035732423384615686,1.1724562733110229
271,1.0,1.0,1.0,0.02905844303950289,0.00024328458584932378,1.132500780957927
272,1.0,1.0,1.0,0.0135209209538516,0.00020945282267348375,1.1781476982826549
273,1.0137447283294287,1.0,1.0,0.025498885453089315,0.0019253694126746268,1.1812833143065307
274,1.012717652570902,1.0,1.0,0.39893084027426085,0.00044703542516799644,1.1177248728529512
275,1.0065458369536684,1.0,1.0,0.09730661156208953,0.0006310193921308382,1.1712886564776064
276,1.0337176907622605,1.0,1.0,0.05698561275767133,0.00026989383604814066,1.1353618797912641
277,1.0,1.0,1.0,0.007980114526617399,0.00021895612644584617,1.1710791572752508
278,1.0,1.0,1.0,0.010526619895244949,0.0002524077572161332,1.192060120021627
279,1.0055532067911912,1.0,1.0,0.04128957555985835,0.00029118123711668886,1.1697213025400945
280,1.0068546897287634,1.0,1.0,0.11671501947785146,0.0003371772299942677,1.1277303019303067
281,1.0,1.0,1.0,0.014849863000563346,0.00029346203064051224,1.1721112013308272
282,1.0,1.0,1.0,0.031019925007967686,0.0004128235304960981,1.1720490588703782
283,1.0107439251959185,1.0,1.0,0.04844100196714862,0.0004926512847305275,1.1280749328024788
284,1.0238820230233743,1.0,1.0,0.16506707051939884,0.00037214938856777735,1.1299167224902362
285,1.0,1.0,1.0,0.03038244336767093,0.0002866196518880315,1.1989768144276034
286,1.0089973267599326,1.0,1.0,0.019290947076115117,0.0003459202698650188,1.167730008550549
287,1.0008840024458086,1.0,1.0,0.09356763159394177,0.000440573177911574,1.1078604593479675
288,1.0060482568155398,1.0,1.0,0.2271878886849663,0.000841992744426534,1.1043856101302556
289,1.0228654426842205,1.0,1.0,0.3041521076047502,0.0004481758214751608,1.1365734872456683
290,1.0044389392212278,1.0,1.0,0.14428904641499685,0.0002923216343333479,1.1047355225452438
291,1.0,1.0,1.0,0.010010780547418108,0.0001775217206159141,1.1867146942701425
292,1.010587796527326,1.0,1.0,0.18663158807066793,0.0006207558244568645,1.1703564170712122
293,1.0186998944193266,1.0,1.0,0.0581792277544082,0.0002828183305609855,1.1398360593537866
294,1.0166606387873716,1.0,1.0,0.020508130267444358,0.00037252952097333036,1.1765741175367783
295,1.0160318585515344,1.0,1.0,0.5042711649984994,0.00044133344272268005,1.1153536807236855
296,1.0065119765037824,1.0,1.0,0.08888440332975733,0.00034249908094352577,1.1916833081165827
297,1.0,1.0,1.0,0.019441099281721108,0.0002869997842935845,1.150424958814913
298,1.0129887771004946,1.0,1.0,0.03403817439266277,0.0002748355545918457,1.1393353696463813
299,1.0012853406283182,1.0,1.0,0.02163332147301844,0.00024252432103821775,1.1355431387384534
300,1.0006500716902023,1.0,1.0,0.02732618076606741,0.00040255996191262966,1.1719573121442612
301,1.001053429167032,1.0,1.0,0.019395863553654635,0.0002740752906902344,1.1827240668827221
302,1.0052840919599382,1.0,1.0,0.10049478002474643,0.00045615859653480584,1.1570452111368559
303,1.0,1.0,1.0,0.022305395140392648,0.00034211894853797276,1.1408323401176115
304,1.0,1.0,1.0,0.013220236412053055,0.00026343158970121294,1.1912380577749766
305,1.004158527846276,1.0,1.0,0.13585087263163587,0.0005591744138655486,1.1511607980601757
306,1.0060353109541498,1.0,1.0,0.08870916240175575,0.0006405226977221901,1.137077430320863
307,1.0143053563073605,1.0,1.0,1.4562608527730845,0.0006275982032093452,1.1265761483716148
308,1.0031025476155115,1.0,1.0,0.09262300316549954,0.00045615859744430054,1.119393490019434
309,1.053182782663636,1.0,1.0,0.02869959827603452,0.0002592501359686139,1.1895946119343774
310,1.0115903529499208,1.0,1.0,0.025325165053800447,0.0002619110609884956,1.1057336363980552
311,1.0000411320970526,1.0,1.0,0.04792782354616065,0.00042042617315019015,1.194010394025652
312,1.0,1.0,1.0,0.13593032025437424,0.0003983785081800306,1.1018280716658535
313,,1.0,0.0,0.04798066191597172,0.0005143188182046288,1.1222660081451732
314,1.0,1.0,1.0,0.012743170545036264,0.00022047665515856352,1.1390217464852292
315,1.0,1.0,1.0,0.017290311495344213,0.00023644220618734835,1.168523720952209
316,1.0264411907943967,1.0,1.0,0.04802057579399843,0.00027863687682838645,1.145336686617762
317,1.0016032110678077,1.0,1.0,0.0837875912702657,0.0004451347649592208,1.1722539716312728
318,1.004172182899883,1.0,1.0,0.03534240784847498,0.00026913357305602403,1.1464553863435334
319,1.0183225168858805,1.0,1.0,0.01963306602465309,0.0002839587268681498,1.1627714012553145
320,1.0007252884986269,1.0,1.0,0.027444021738119773,0.0002869997842935845,1.156333525940028
321,1.0,1.0,1.0,0.008041695937208715,0.00024556537846365245,1.1920364263209413
322,1.0076545493139477,1.0,1.0,0.038652218603601796,0.0003919162609236082,1.1163346019396978
323,1.0289295792735762,1.0,1.0,0.24635073122226459,0.0007978974126672256,1.1882841688356311
324,1.0,1.0,1.0,0.02935038454234018,0.0004420937075337861,1.1877379180536722
325,1.002938883262448,1.0,1.0,0.04984711084398441,0.00033831762630143203,1.1085208812201937
326,1.038581771996082,1.0,1.0,0.013442233595924336,0.0002444249821564881,1.1967010695049534
327,1.0135089635872148,1.0,1.0,0.0786687315439849,0.00036074542367714457,1.128329940219957
328,1.0035673178053666,1.0,1.0,0.03629577931678796,0.000370248727449507,1.1595349657645462
329,1.0,1.0,1.0,0.007600742625982093,0.0002170554662370705,1.1523375919414875
330,1.0025971548069108,1.0,1.0,0.08872588821668614,0.0003006845427080407,1.1266886176088504
331,1.0,1.0,1.0,0.022758512680411513,0.00029726335287705297,1.1970905135562577
332,1.0,1.0,1.0,0.031803377398318844,0.00027027396936318837,1.1981097830291214
333,1.0113144317186786,1.0,1.0,0.1397552100916073,0.0003531427810230525,1.1398394862186694
334,1.0,1.0,1.0,0.016772951620623644,0.00027027396936318837,1.107242450345996
335,1.0,1.0,1.0,0.010109614910106757,0.0002866196518880315,1.1567685801929708
336,1.000162058770662,1.0,1.0,0.13890941602585372,0.0005059559116489254,1.170467308860536
337,1.0038577795053665,1.0,1.0,0.09718344874181639,0.0008294483823192422,1.1474596733840303
338,1.0534612228773934,1.0,1.0,0.1532886754066567,0.0005165996117284521,1.1046732179655396
339,1.0,1.0,1.0,0.013518640160327777,0.00027255476197751705,1.170133175383886
340,1.0,1.0,1.0,0.030011054243004764,0.0008819066215437488,1.1602261986862301
341,1.02103363470519,1.0,1.0,0.16682252085411164,0.00045083674649504246,1.1375007798516437
342,1.0088179921969465,1.0,1.0,0.04660496361339028,0.0005204009321460035,1.1242799183617016
343,1.0003735556489766,1.0,1.0,0.03156541466341878,0.000363786482012074,1.1219793479038271
344,1.0,1.0,1.0,0.022099363506640657,0.00042042617315019015,1.17091213613356
345,1.0005471792956777,1.0,1.0,0.0873927647162418,0.00033945802260859637,1.1912896124366732
346,1.0131599121225041,1.0,1.0,0.02365410405855073,0.0002706541017687414,1.1937833971879
347,1.000504756862894,1.0,1.0,0.016244948043095064,0.0002166753338315175,1.1604248234335452
348,1.001050649829654,1.0,1.0,0.017949460668205575,0.0002584898711575079,1.187231817702554
349,1.0036150820004286,1.0,1.0,0.22171740670819418,0.0004637612400983926,1.1299647884103667
350,1.003150765247713,1.0,1.0,0.029702386926146573,0.00029346203064051224,1.195964618859854
351,0.9999999999999998,1.0,1.0,0.04958443951818481,0.0006530670589199872,1.1043284916718403
352,1.0002304535041973,1.0,1.0,0.039862559414359566,0.00034173881613241974,1.1752866232922903
353,1.0111450487864515,1.0,1.0,0.1544993963507295,0.00032121167896548286,1.1042502256677298
354,1.0058311747277997,1.0,1.0,0.01578156693449273,0.00029612295566039393,1.14220772585541
355,1.002125785504954,1.0,1.0,0.040809468635416124,0.0004512168789005955,1.1297985047994576
356,1.0053121541421464,1.0,1.0,0.05884635970232921,0.0004557784650387475,1.1716773428698677
357,1.0171837112462556,1.0,1.0,0.032561360933868855,0.00023682233768340666,1.1817071045400585
358,1.0,1.0,1.0,0.006956038475436799,0.00039571758316014893,1.1024570954589201
359,1.0,1.0,1.0,0.01162824290804565,0.0002501269646018045,1.1982398471882783
360,1.0086807691004192,1.0,1.0,0.03683822791572311,0.0005778008899142151,1.1477667670793166
361,1.0145580036381476,1.0,1.0,0.119097307751872,0.00030220507142075803,1.1266173456303838
362,1.0156371432364875,1.0,1.0,0.11597832334337,0.0005177400080356165,1.1470780508851695
363,1.0021179666621256,1.0,1.0,0.05371609601206728,0.0002584898711575079,1.183003750120732
364,1.0043429637725634,1.0,1.0,0.2120958814966798,0.0005356062201826717,1.1307062769353093
365,1.0114520591244693,1.0,1.0,0.4585530497242871,0.000540547937816882,1.176676368793046
366,,1.0,0.0,0.14174938342512178,0.0006306392606347799,1.1493583136849954
367,1.0,1.0,1.0,0.031047674655383162,0.00033603683368710335,1.1716842022391307
368,1.0,1.0,1.0,0.009845423056503932,0.00026913357214652933,1.1902554851230451
369,1.0213098016632236,1.0,1.0,0.3084133891670717,0.0003945771868529846,1.1955236581903195
370,1.0039307360214387,1.0,1.0,0.08289846213756391,0.0003824129571512458,1.191496074922286
371,1.0096044210860569,1.0,1.0,0.07430671495876595,0.0005846432686666958,1.1229375916765243
372,,1.0,0.0,0.017679566832157434,0.0002410037923255004,1.1020261379464678
373,1.0017213405596759,1.0,1.0,0.03797520321859338,0.00041776524813030846,1.1712898350185466
374,1.0190659848490444,1.0,1.0,0.20017265602837142,0.0006910802749189315,1.1483847269254053
375,1.0128796637567163,1.0,1.0,0.045043000550322176,0.0003280540577179636,1.1878594154570843
376,1.0142741267924624,1.0,1.0,0.025332387564048986,0.0002626713257996016,1.1848126500969216
377,1.0337468380378418,1.0,1.0,0.07235131510606152,0.00035694410235009855,1.1693791415069874
378,1.0018782376647153,1.0,1.0,0.05065451156133349,0.0003949573192585376,1.1428383542088925
379,1.0,1.0,1.0,0.029887891421822133,0.000304485863125592,1.1041896086218164
380,1.0,1.0,1.0,0.02012685770569078,0.00039381692204187857,1.1938787467033218
381,1.0,1.0,1.0,0.01527333023113897,0.00023644220618734835,1.1124684210917402
382,1.00355309183886,1.0,1.0,0.07130024967045756,0.0004542579363260302,1.1220053888984771
383,1.0,1.0,1.0,0.0073639202882986865,0.00026609251563058933,1.1729429536139016
384,1.0,1.0,1.0,0.00837051025882829,0.0002562090785431792,1.1861199965073173
385,1.0,1.0,1.0,0.03207669242419797,0.0002413839247310534,1.1962823148917385
386,1.0,1.0,1.0,0.011173224706908513,0.0004181453805358615,1.166845093754777
387,1.003687201656751,1.0,1.0,0.031249904966898612,0.0004633811086023343,1.1762913731153122
388,1.0,1.0,1.0,0.014886735820255126,0.0003196911493432708,1.1473853205815405
389,1.044986596317473,1.0,1.0,0.030659939847282658,0.0003854540145766805,1.1961038424545825
390,1.0006653336110887,1.0,1.0,0.0404810344462021,0.0003436394763411954,1.1668364656217933
391,1.0046721053758214,1.0,1.0,0.15147582511508517,0.0004941718143527396,1.11523961380367
392,1.0145105589214094,1.0,1.0,0.11179306821395585,0.00035162225231033517,1.1506528989482856
393,1.0,1.0,1.0,0.03107466403980652,0.00030866731776768574,1.1248034147985055
394,1.0,1.0,1.0,0.02404145873424568,0.000367967935744673,1.1770819205838021
395,1.0070636616655493,1.0,1.0,0.16778425522988982,0.00036036529127159156,1.1937511372651595
396,1.0228419041084322,1.0,1.0,0.06389071352259634,0.0003280540577179636,1.1007723682915447
397,0.9999999999999998,1.0,1.0,0.02739498468781676,0.00037252952097333036,1.1643513047605496
398,1.0,1.0,1.0,0.01690637800948025,0.0007404974558085087,1.1235265040802387
399,1.0,1.0,1.0,0.019102401523014123,0.00034554013654997107,1.1167077394955016
400,1.0,1.0,1.0,0.016256352008895192,0.0002584898711575079,1.187019356753835
401,1.0555771020307363,1.0,1.0,0.14607186626653856,0.00042612815559550654,1.1647250698778449
402,1.0168661628623579,1.0,1.0,0.8670297689095605,0.0007416378530251677,1.1392621991952883
403,1.0060255467896295,1.0,1.0,0.01429410977561929,0.0002554488146415679,1.1491870267557154
404,1.0079059714491707,1.0,1.0,0.03164638281396037,0.00048048705593828345,1.1718792734371837
405,1.0019797351829074,1.0,1.0,0.13938268057063397,0.00036606727371690795,1.1839671629107567
406,1.0,1.0,1.0,0.007450970552781655,0.0002318806200491963,1.1849070048972743
407,1.0,1.0,1.0,0.03277385481396777,0.0004918910208289162,1.1865959333037994
408,1.0054078629080256,1.0,1.0,0.0505644202376061,0.0003428792124395841,1.1970994733950089
409,1.0,1.0,1.0,0.007207305836345768,0.00022465810889116256,1.1440687909278031
410,1.0,1.0,1.0,0.022313758047857846,0.0004090222082595574,1.168635886712007
411,1.0,1.0,1.0,0.02777967843849183,0.00046832282714603934,1.153623677680375
412,1.0131138558931525,1.0,1.0,0.019693507038027747,0.0003193110178472125,1.144911511161982
413,1.001475119221658,1.0,1.0,0.0892516109997814,0.00024176405622711172,1.155437829962097
414,1.0033818993178572,1.0,1.0,0.019744064616133983,0.00023416141266352497,1.1071584727429147
415,1.0,1.0,1.0,0.011045120167182176,0.0002615309294924373,1.1089835682058424
416,1.0113030803976588,1.0,1.0,0.017433241188882675,0.0002626713257996016,1.16552841787204
417,1.02306642610807,1.0,1.0,0.14525610264172428,0.00041168313418893376,1.1126836225855026
418,1.0194973683392863,1.0,1.0,0.5996607700571985,0.0005204009330554982,1.1038422950125395
419,1.0248998320689233,1.0,1.0,0.09447728786381049,0.0005937664409429999,1.1002852596605097
420,1.0,1.0,1.0,0.04647077695972257,0.000371008992260613,1.1294667587280178
421,0.9999999999999998,1.0,1.0,0.014727080310876772,0.00030562625943275634,1.171936787369501
422,1.0,1.0,1.0,0.026240143172799435,0.00021591506992990617,1.1007965826961785
423,1.0035109786037106,1.0,1.0,0.09242799536605162,0.00040255996191262966,1.1468374467200015
424,1.0062023405897293,1.0,1.0,0.08195497410542885,0.00034135868281737203,1.1269603157621244
425,1.002795666335059,1.0,1.0,0.6270694395025203,0.00028776004819519585,1.1621026753002777
426,1.0,1.0,1.0,0.03119554606746533,0.0002923216343333479,1.1405109788590055
427,1.017626478637528,1.0,1.0,0.04916743453395611,0.0005215413293626625,1.1520810586103785
428,1.0013762328653275,1.0,1.0,0.019582888578952407,0.00027559581940295175,1.1839995708537783
429,1.017805905018075,1.0,1.0,0.040555160217991215,0.0005759002297054394,1.1450398675590268
430,1.006446456103639,1.0,1.0,0.10221943965461833,0.00042308709907956654,1.1403236559060943
431,1.0,1.0,1.0,0.015586559135044808,0.0005185002719372278,1.1518752696098198
432,1.0,1.0,1.0,0.027948837251642544,0.0005466300517582567,1.188447981464719
433,1.0129106388169657,1.0,1.0,0.20393748498463538,0.0004481758214751608,1.107638560905094
434,1.001137755285831,1.0,1.0,0.12287582146564091,0.000498733399581397,1.164112429251962
435,1.0,1.0,1.0,0.020256482774129836,0.00040522088693251135,1.1693306556469243
436,1.0314732235026542,1.0,1.0,0.01666119276342215,0.00026305145820515463,1.1223519878489219
437,1.0008112789758448,1.0,1.0,0.03928779958278028,0.00038735467569495086,1.1699482193465462
438,1.0,1.0,1.0,0.05935573680199013,0.0002649521184139303,1.1960825496481344
439,1.0,1.0,1.0,0.01225280005382956,0.00021325414400052978,1.160535947764075
440,1.0,1.0,1.0,0.00872631396396173,0.0002166753338315175,1.19103856648942
441,1.0,1.0,1.0,0.020044749158842023,0.0002885203130063019,1.1078177257472386
442,1.0,1.0,1.0,0.019226704741413414,0.00030220507051126333,1.155966094050599
443,1.0009948835749252,1.0,1.0,0.03738295730727259,0.0003884950720021152,1.1703348129352522
444,,1.0,0.0,0.03370593888030271,0.000507476439452148,1.130648435311405
445,1.014220922605119,1.0,1.0,0.05040476472913724,0.0002524077572161332,1.1665536460179675
446,1.0188357016024074,1.0,1.0,0.08635538403996179,0.000470603619760368,1.1274325757957646
447,1.015271745146976,1.0,1.0,0.038260682474174246,0.0002714143656703527,1.1938226223598751
448,1.009302902236956,1.0,1.0,0.07994901667370868,0.0003162699604217778,1.1702469423715531
449,1.0,1.0,1.0,0.010189062533754623,0.0002626713257996016,1.182466481543478
450,1.0046514857643931,1.0,1.0,0.025455550385231618,0.0015665246492062579,1.1323522409555151
451,1.0086693071709747,1.0,1.0,0.04079920506774215,0.0003215918113710359,1.14029450881405
452,1.0,1.0,1.0,0.012683869927968772,0.00022655877000943292,1.167678465584866
453,1.0,1.0,1.0,0.021301085961567878,0.0002771163472061744,1.1670807858290566
454,1.0284285923297374,1.0,1.0,0.10231447269597993,0.0003698685959534487,1.1395171528173709
455,1.0,1.0,1.0,0.011255333254666766,0.00019994951890112134,1.1677482124737026
456,1.0,1.0,1.0,0.03087281385978713,0.0004158645879215328,1.1392366889890047
457,,1.0,0.0,0.03232872004900855,0.0006739743275829824,1.1597054995972824
458,1.0074440488847531,1.0,1.0,0.05034698463896348,0.0003196911502527655,1.1995922661589058
459,1.0,1.0,1.0,0.020067557087713794,0.00026989383695763536,1.1981691454983063
460,1.0100297675573262,1.0,1.0,0.055601551547624695,0.00026305145820515463,1.1701402851308784
461,1.0349146020303763,1.0,1.0,0.32973082081116445,0.0005378870118875057,1.1224148336771345
462,1.0,1.0,1.0,0.01018564134301414,0.00032083154655992985,1.1834288841545302
463,1.020611946479252,1.0,1.0,0.05139995073477621,0.0004512168789005955,1.12454842043834
464,1.0129935006349555,1.0,1.0,0.05277374837623938,0.0005002539282941143,1.1757875342941533
465,1.0010603660524318,1.0,1.0,0.046294775767819374,0.00032083154655992985,1.1306992571577235
466,1.0,1.0,1.0,0.009700212570351141,0.0004272685528121656,1.1355895444795523
467,1.0,1.0,1.0,0.023395614186483726,0.0002866196518880315,1.1815919446450058
468,1.0001866678518156,1.0,1.0,0.03116361496540776,0.00033565670128155034,1.1022344984669392
469,1.003931482891935,1.0,1.0,0.035707714858290274,0.00039647784706176026,1.156104330621491
470,1.015080912654952,1.0,1.0,0.12867587802975322,0.0005622154712909833,1.1292988364104184
471,1.0,1.0,1.0,0.021849236542038852,0.0003200712826583185,1.1662764026385006
472,1.0101371579357434,1.0,1.0,0.04238169526797719,0.0006222763531695819,1.1125433825301934
473,1.0062563176758774,1.0,1.0,0.12747960210799647,0.0004519771437117015,1.1645115142852571
474,1.0,1.0,1.0,0.02779222280059912,0.0003219719437765889,1.1081473211403925
475,1.0317039988127727,1.0,1.0,0.023827824457839597,0.00032653352900524624,1.1333725459649557
476,1.0,1.0,1.0,0.015141424370085588,0.0002505070960978628,1.1298246189802816
477,1.0,1.0,1.0,0.011961998947299435,0.00021933625885139918,1.1250636221450194
478,1.0016773226282902,1.0,1.0,0.015262686531059444,0.0004151043231104268,1.184740580318311
479,1.0277649588638567,1.0,1.0,0.0406403098231749,0.0003588447634683689,1.1640707647945605
480,1.0092669874607478,1.0,1.0,0.11630979859091894,0.000371008992260613,1.1324591599218718
481,1.0058926845960285,1.0,1.0,0.03879362776842754,0.0005390274091041647,1.1312466973129027
482,1.0003073912865683,1.0,1.0,0.04824903522421664,0.00029726335287705297,1.1705363562424533
483,1.0045599790677464,1.0,1.0,0.08073132866866217,0.0004101626054762164,1.184286186130577
484,,1.0,0.0,0.20370028251454642,0.0006481253403762821,1.147987613486891
485,0.9999999999999998,1.0,1.0,0.035647653976411675,0.0004166248518231441,1.1525114007078148
486,1.0,1.0,1.0,0.026732414326033904,0.000371389124666166,1.10587952263361
487,1.0027705321729246,1.0,1.0,0.023514975687248807,0.00028129780093877343,1.1963866456526424
488,1.0009158638943803,1.0,1.0,0.17581834852353495,0.0008758245066928794,1.100506287443739
489,1.0,1.0,1.0,0.0229462979687014,0.0002554488137320732,1.124656072475179
490,1.0062512601711595,1.0,1.0,0.140909291342723,0.0005671571889251936,1.1791370858061445
491,1.0,1.0,1.0,0.022782841137996,0.0003162699604217778,1.1901274128215018
492,1.0,1.0,1.0,0.014778018020479067,0.00022465810889116256,1.1795820819505825
493,1.0,1.0,1.0,0.026871542697335826,0.00033527656887599733,1.1044488485882074
494,1.0055431027480264,1.0,1.0,0.05843581696444744,0.00026723291102825897,1.1252582583260846
495,1.0075092232711755,1.0,1.0,0.17823826988114888,0.0005116578931847471,1.194396932632187
496,1.0,1.0,1.0,0.01247213631268096,0.00029042097412457224,1.1343796792238092
497,1.0129456758413362,1.0,1.0,0.05511384198052838,0.0003109481103820144,1.1030168386510661
498,1.0,1.0,1.0,0.018202628690232814,0.0003200712826583185,1.1152843376437427
499,1.0,1.0,1.0,0.047666292616668215,0.000531804897946131,1.129574846810038
500,,1.0,0.0,0.1857546231676679,0.00035352291251911083,1.146911213528096
501,1.0016806917085412,1.0,1.0,0.02950395793595817,0.00042042617315019015,1.1802057611882466
502,1.0,1.0,1.0,0.010861896464120946,0.0002748355555013404,1.12596796513232
503,1.0079097325027264,1.0,1.0,0.06724918119471113,0.0006310193930403329,1.169768073937608
504,1.0114122304134832,1.0,1.0,0.05329909102874808,0.0002915613704317366,1.1785393510043907
505,1.0046415142954868,1.0,1.0,0.06994583876894467,0.0010753938931884477,1.156677386741513
506,1.0117003030482874,1.0,1.0,0.13363356171703344,0.0004341109315646463,1.1117344527084545
507,1.0061800984637446,1.0,1.0,0.7580375144825666,0.0005116578940942418,1.156273891372865
508,1.012009973829561,1.0,1.0,0.12887240635791386,0.0004151043231104268,1.1415613975621532
509,1.0366972858028856,1.0,1.0,0.10850568525620474,0.0007731888217676897,1.1911548610650078
510,1.0070520224197879,1.0,1.0,0.6159357485412329,0.00047782613091840176,1.1027672888164137
511,1.0132705382763576,1.0,1.0,0.1717307873595928,0.0005264830469968729,1.1824500480319482
512,1.0124523937749257,1.0,1.0,0.3640259645471815,0.0003645467459136853,1.1528255630258324
513,1.0023886581833006,1.0,1.0,0.03963219932302309,0.00029954414549138164,1.1239061427240555
514,1.0005556452869828,1.0,1.0,0.047956333458387235,0.00030600639274780406,1.1766399822210551
515,1.0000000000000002,1.0,1.0,0.03256896357743244,0.00028205806574987946,1.1690606750210626
516,1.0,1.0,1.0,0.007887742410275678,0.00023036009133647894,1.1255707987274288
517,1.0,1.0,1.0,0.00799569994524063,0.0002227574486823869,1.1520720504264852
518,1.0,1.0,1.0,0.015453893010089814,0.00026343158970121294,1.140312392995414
519,1.0,1.0,1.0,0.023988240231119562,0.0002854792555808672,1.1616337550479026
520,1.0392759835726273,1.0,1.0,0.013794616112136282,0.0004394327816044097,1.104127641217131
521,1.0,1.0,1.0,0.06408306039793388,0.00028129780184826814,1.107838101804925
522,1.0188565766653628,1.0,1.0,0.1349514799312601,0.0005511916388059035,1.1006326183143198
523,1.0227725178950677,1.0,1.0,0.016879388625966385,0.00029726335287705297,1.1318002655551977
524,1.0477346070726656,1.0,1.0,0.10893675513034395,0.0004903704921161989,1.183862706748604
525,1.0,1.0,1.0,0.02414827587290347,0.00044741555757354945,1.1996517161995817
526,1.0,1.0,1.0,0.006937031867892074,0.00021591506992990617,1.1370522631410003
527,1.0,1.0,1.0,0.018066541375446832,0.000301444806609652,1.1850843156501343
528,1.0,1.0,1.0,0.028844808763096808,0.00025696934335428523,1.137762448325964
529,1.0078360689837567,1.0,1.0,0.3625233021020904,0.0004850486420764355,1.1265374095805711
530,1.0050651403258837,1.0,1.0,0.1862674214571598,0.0006515465302072698,1.1399965075393315
531,1.000152852821264,1.0,1.0,0.06715528855056618,0.0003280540577179636,1.1332664712268214
532,1.0,1.0,1.0,0.015613548518558673,0.0002505070960978628,1.1922965901223952
533,1.0,1.0,1.0,0.015444009573002404,0.0002524077572161332,1.1794720261806129
534,1.0012438252103413,1.0,1.0,0.13201419869619713,0.00048124731983989477,1.1454409902571028
535,1.0032363263766175,1.0,1.0,0.04091818643519218,0.0004432341038409504,1.1938168945084633
536,1.003691413933373,1.0,1.0,0.024140673229339882,0.00026609251472109463,1.1374858761469018
537,0.9999999840803669,1.0,1.0,0.027523849491444707,0.000564876396310865,1.1842774694281486
538,1.0246207849714533,1.0,1.0,0.09885793092507811,0.0005485307137860218,1.1015971628144707
539,1.0,1.0,1.0,0.011503179424835253,0.0002740752906902344,1.1118746710711316
540,1.0,1.0,1.0,0.010191723458774504,0.0002463256423652638,1.1179009883688227
541,1.0198202294837793,1.0,1.0,0.31117010762318387,0.0006093518595662317,1.112982659884948
542,1.0,1.0,1.0,0.01803080895115272,0.0003405984189157607,1.1632129741045834
543,1.005962087812838,1.0,1.0,0.08830242098520102,0.0004979731347702909,1.104903087608359
544,1.0097117530350603,1.0,1.0,0.15101320427129394,0.0005530922990146792,1.1440540545550983
545,1.0,1.0,1.0,0.0147084538357376,0.00029118123802618356,1.1622064230645035
546,1.0092373756893775,1.0,1.0,0.09571385779418051,0.0004493162177823251,1.133144906957243
547,1.0,1.0,1.0,0.038461012124571425,0.00030828718536213273,1.1019848634537885
548,1.0,1.0,1.0,0.010205788348685019,0.00025126736090896884,1.143295997449511
549,1.0,1.0,1.0,0.013776749899989227,0.00023682233859290136,1.1824983966859877
550,1.01161784611273,1.0,1.0,0.07014540815544024,0.0002801574055411038,1.1892691530332349
551,1.0077148414984152,1.0,1.0,0.01809201023024798,0.00020070978280273266,1.169990118873252
552,1.0,1.0,1.0,0.012906627375741664,0.00022997995893092593,1.1215379472562592
553,1.0067908082611439,1.0,1.0,0.08225375798701862,0.0006420432255254127,1.1315734924396093
554,1.0018934929581007,1.0,1.0,0.1139009010657901,0.000337937493895879,1.113751274962408
555,1.0,1.0,1.0,0.022870271535794018,0.000271414364760858,1.188725253993118
556,1.0074006729977178,1.0,1.0,0.04628983404927567,0.0002797772731355508,1.1803250450293823
557,1.0258491875150988,1.0,1.0,0.22654850638446078,0.0013677155275217956,1.1022099462714894
558,1.000356392415179,1.0,1.0,0.08015048672132252,0.0003558037060429342,1.1120405885715392
559,1.0026601073307042,1.0,1.0,0.0804500308668139,0.0003501017235976178,1.1436160254673342
560,,1.0,0.0,0.10634843522439041,0.0006009889511915389,1.1339871144989517
561,1.0198486309253498,1.0,1.0,0.10343244139130547,0.0003493414587865118,1.1963118826536785
562,1.0,1.0,1.0,0.026681476615522115,0.00032691366141079925,1.1239313190521931
563,1.0005498233840788,1.0,1.0,0.08202529855589091,0.0003649268774097436,1.1843055132480569
564,1.0068018642588588,1.0,1.0,0.09932055176977883,0.000639382300505531,1.1399029555340952
565,1.0568540372832296,1.0,1.0,0.2168076196730908,0.0005994684224788216,1.1294571690850288
566,1.0147161410653787,1.0,1.0,0.03619390389576438,0.00035770436625170987,1.1315077068074388
567,,1.0,0.0,0.1505483026339789,0.00028776004819519585,1.164606487426498
568,1.001920909842609,1.0,1.0,0.07044913375466422,0.00026951370455208234,1.113356956143716
569,1.0,1.0,1.0,0.009592255035386188,0.00024024352751439437,1.1822175060109585
570,1.0,1.0,1.0,0.011520665504576755,0.00022503824129671557,1.1243603173151906
571,1.0,1.0,1.0,0.01737242004219297,0.00037214938856777735,1.1844447454241473
572,1.0,1.0,1.0,0.0310556574313523,0.00042004604165413184,1.1957272762754987
573,1.016881966922525,1.0,1.0,0.16419466720253695,0.0004527374076133128,1.10535602583637
574,1.0113521670612826,1.0,1.0,0.050075190141797066,0.00033375604016328,1.151827422010229
575,1.0049167091494844,1.0,1.0,0.08621929672517581,0.00043259040376142366,1.174285896967524
576,1.010874331730591,1.0,1.0,0.06696446220394137,0.00025392828592885053,1.1361803961518104
577,1.027140203203242,1.0,1.0,0.04472140873895114,0.0005048155144322664,1.184844075491172
578,1.0,1.0,1.0,0.02464814966879203,0.00039989903689274797,1.1928793049549093
579,1.0,1.0,1.0,0.024047920980592608,0.0003409785513213137,1.1302622754539973
580,1.0055020281076095,1.0,1.0,0.0434274388517224,0.00035656396994454553,1.164019526974041
581,1.0099578504177806,1.0,1.0,0.023529800841060933,0.00027521568699739873,1.1199761440125533
582,1.0,1.0,1.0,0.013579081174611929,0.00022997995893092593,1.1408710042285157
583,,1.0,0.0,0.02818946091156249,0.00026039053227577824,1.126904110913716
584,1.003916960736652,1.0,1.0,0.032285384982969845,0.0002524077563066385,1.1316488667502937
585,1.0030799634640708,1.0,1.0,0.10816052525115083,0.0004428539714353974,1.1778999072829681
586,1.0,1.0,1.0,0.020349235021967615,0.00026951370455208234,1.1822835290380007
587,1.0118478311537948,1.0,1.0,0.04727703728076449,0.0003736699181899894,1.1319795056315265
588,1.0066594909079245,1.0,1.0,0.03584494256938342,0.0003371772299942677,1.1817709667030873
589,1.0000000000000002,1.0,1.0,0.08234156851631269,0.00030030440939299297,1.137878901666215
590,,1.0,0.0,0.020517253438811167,0.0004253678916938952,1.143122853810926
591,1.0152430757148772,1.0,1.0,0.058100920527976996,0.0005302843692334136,1.1837176092515864
592,1.0,1.0,1.0,0.021001161683670944,0.0003402182874197024,1.1772357639802273
593,1.0117080609013904,1.0,1.0,0.01639700090890983,0.0002463256423652638,1.129841386455277
594,1.024910601934738,1.0,1.0,0.03477030894100608,0.0004280288167137769,1.1808341002699398
595,1.0260331335980966,1.0,1.0,0.6303724078788946,0.0003653070098152966,1.1151983960875624
596,1.0,1.0,1.0,0.0080527197687843,0.000400659301703854,1.1395867890880602
597,1.0090892410444459,1.0,1.0,0.04841629337715858,0.0005139386867085705,1.186857810535517
598,1.0428738698944842,1.0,1.0,0.03249825899456482,0.0003132289029963431,1.1112126847685992
599,1.0,1.0,1.0,0.007820839149644598,0.00021477467271324713,1.1864907230469457
600,1.0,1.0,1.0,0.011365571582246048,0.00026343158970121294,1.1001951871713425
601,1.0,1.0,1.0,0.014503182466796716,0.0002835785944625968,1.1499197712092486
602,1.0,1.0,1.0,0.01864548266166821,0.0002927017667389009,1.1916946639524926
603,1.0060495022846971,1.0,1.0,0.01849457019216061,0.0002493666997906985,1.1846885492391626
604,1.0061676602054432,1.0,1.0,0.046652100002575025,0.00031741035763843684,1.1523625192722118
605,1.0,1.0,1.0,0.01675356487976387,0.00022959982743486762,1.107544926219953
606,1.0154171816952022,1.0,1.0,0.09543560104975768,0.00036910833114234265,1.1281477898556729
607,1.0,1.0,1.0,0.0340495783575534,0.0004249877592883422,1.1422350430613568
608,1.0,1.0,1.0,0.010729610471571505,0.0002474660395819228,1.1801649937932717
609,1.00751770742025,1.0,1.0,0.1194249816771844,0.0004249877592883422,1.1450711905234734
610,1.0213083701391155,1.0,1.0,0.2403260165492611,0.0006013690845065867,1.1169898050887421
611,1.0,1.0,1.0,0.006593392390641384,0.00020945282267348375,1.1261555710781157
612,1.0,1.0,1.0,0.012255080846443889,0.0002440448497509351,1.1606938964528395
613,1.008028636640221,1.0,1.0,0.015755717948195525,0.0002710342332647997,1.1379521669185595
614,1.0,1.0,1.0,0.011231004795263289,0.0002828183305609855,1.1683783216654409
615,1.0068202941224444,1.0,1.0,0.01731768101126363,0.00023872299971117172,1.1807420061325755
616,1.0163614404649117,1.0,1.0,0.05860155458867666,0.0002170554653275758,1.1372862337774474
617,1.0,1.0,1.0,0.014437419601563306,0.0002436647173453821,1.196790933724373
618,1.0,1.0,1.0,0.02871594395946886,0.0003314752475489513,1.1765092985933752
619,1.0,1.0,1.0,0.01470275185238279,0.0003284341892140219,1.1948758254844896
620,1.0125469528358289,1.0,1.0,0.04443592948427977,0.0002687534397409763,1.119670951325198
621,1.0,1.0,1.0,0.03914220896331244,0.0002801574046316091,1.157371556739852
622,1.0,1.0,1.0,0.022826176204944204,0.00025164749331452185,1.136890376513375
623,1.0050821206297589,1.0,1.0,0.08162501938659261,0.00031741035763843684,1.1146891744462026
624,1.0,1.0,1.0,0.014978347671785741,0.0002379627349000657,1.178559250451072
625,1.0038870153972534,1.0,1.0,0.02408897525492648,0.0002854792555808672,1.1995499043520061
626,1.0126866006675657,1.0,1.0,0.1634454267059482,0.00046604203362221597,1.142140929391624
627,1.0,1.0,1.0,0.029898535122811154,0.000268373308244918,1.13737294564209
628,1.0109527526600623,1.0,1.0,0.041633975300101156,0.0005097572320664767,1.156021581703082
629,1.0110602988455248,1.0,1.0,0.05338918235065648,0.00043829238529724535,1.1361242376437577
630,1.0104992689702286,1.0,1.0,0.05770102149108425,0.00019538793276296929,1.1591607275139495
631,1.0073430262573089,1.0,1.0,0.24697034665041429,0.0006880392174934968,1.1863943669103671
632,1.0,1.0,1.0,0.01282755988631834,0.00026647264712664764,1.1692711174343005
633,1.018809547994893,1.0,1.0,0.07033965569098655,0.0005667770574291353,1.1204105631671737
634,1.0043277568333129,1.0,1.0,0.05491997457738762,0.00032425273639091756,1.1929395285815705
635,1.0,1.0,1.0,0.021166899307900167,0.0003615056875787559,1.1839382374831584
636,1.0108075369410532,1.0,1.0,0.18171609905311925,0.00038697454328939784,1.1450619043506156
637,1.0,1.0,1.0,0.024859503152583784,0.00021515480511880014,1.132867748187111
638,1.002917137279987,1.0,1.0,0.07004771418905875,0.000498733399581397,1.139484053649857
639,1.0006203471288524,1.0,1.0,0.02513852016090823,0.0002413839247310534,1.1212867692515909
640,1.0,1.0,1.0,0.014455285813710361,0.0002892805769079132,1.1689777047151444
641,1.0047538293563298,1.0,1.0,0.01706565338645305,0.00023682233859290136,1.1736977727972897
642,1.0047593322481327,1.0,1.0,0.04533342152444675,0.0003170302252328838,1.1840702285316358
643,1.0257213376307281,1.0,1.0,0.7183376516341013,0.00047782613091840176,1.1474764298138413
644,1.0019230737735663,1.0,1.0,0.07251705272938125,0.00031817062154004816,1.1114583259273247
645,1.0196307088970695,1.0,1.0,0.02291854832037643,0.0003101878455709084,1.1137359543179894
646,1.0,1.0,1.0,0.022110387339125737,0.00036606727371690795,1.1944109543532708
647,1.032218273914322,1.0,1.0,0.19173372198019933,0.0004489360862862668,1.141461341506353
648,1.003911725858967,1.0,1.0,0.01966461699339561,0.00027559581940295175,1.169138412094861
649,1.0004757142203755,1.0,1.0,0.06614337672908732,0.0005561333564401139,1.156767031540916
650,1.0133605900941824,1.0,1.0,0.10314392107829917,0.0002854792546713725,1.1714254451838446
651,1.0,1.0,1.0,0.010690836990761454,0.000268753440650471,1.1615875129654947
652,1.0000295161624233,1.0,1.0,0.049636137491688714,0.0006811968378315214,1.1487540088841417
653,1.0,1.0,1.0,0.016492033950271434,0.00023568194228573702,1.12508707201233
654,1.0075738404903807,1.0,1.0,0.06191896798736707,0.00023454154506907798,1.107618411411351
655,1.0025097336096245,1.0,1.0,0.05058836856369453,0.0003158898289257195,1.1884818119756486
656,1.0,1.0,1.0,0.012832881736358104,0.000573239303776063,1.1864127029746436
657,1.0036774508535873,1.0,1.0,0.11068460282240267,0.00043829238529724535,1.19730912543673
658,1.006782251410537,1.0,1.0,0.040647532334332936,0.00032995471883623395,1.1732792871763975
659,1.0072358196935098,1.0,1.0,0.07017049687874533,0.00034782093098328914,1.1056179703983808
660,1.006686907589445,1.0,1.0,0.042567579896058305,0.00033603683277760865,1.1099734783026016
661,1.007950439425769,1.0,1.0,0.036228495923751325,0.00024214418863266474,1.1529960104767927
662,1.0254447556932251,1.0,1.0,0.20971473361805693,0.000568677717637911,1.136996448267328
663,1.0,1.0,1.0,0.012406373448357044,0.0002657123832250363,1.1626218924791991
664,1.01082772507807,1.0,1.0,0.05681227249078802,0.0004994936634830083,1.131453403530856
665,1.0069740878136024,1.0,1.0,0.09778785888283892,0.0004614804474840639,1.1827009448295827
666,1.0081065543242178,1.0,1.0,0.2054059355359641,0.0003740500496860477,1.1115595545240795
667,1.0,1.0,1.0,0.014646872425146285,0.00039609771556570195,1.1024266934835996
668,1.0,1.0,1.0,0.017621786742893164,0.0002524077572161332,1.1976230397777206
669,1.0,1.0,1.0,0.04512738989069476,0.00034211894762847805,1.1513795261154658
670,1.0137160817562612,1.0,1.0,0.28849750481276715,0.00036948846354789566,1.1423150739507522
671,1.016718019038958,1.0,1.0,0.08834195473082218,0.00032387260398536455,1.1256811609795545
672,1.0015881735074068,1.0,1.0,0.03584570283328503,0.0003440196087467484,1.1834387686852563
673,1.0107078847253441,1.0,1.0,0.08625236822263105,0.0003466805337666301,1.1886584262991857
674,1.0,1.0,1.0,0.022079216501879273,0.0006104922558733961,1.1871626222927305
675,1.0,1.0,1.0,0.052233200439331995,0.0003649268774097436,1.127670133130964
676,1.0040260191440795,1.0,1.0,0.037439977131725755,0.0002748355555013404,1.1052241244813445
677,1.0034472999966089,1.0,1.0,0.07995775971357943,0.0003774712386075407,1.1703616507405286
678,1.0,1.0,1.0,0.009857967418611224,0.0002508872285034158,1.1483548679213011
679,1.0,1.0,1.0,0.018472142394784896,0.0003653070098152966,1.1227396555112499
680,1.000811764958098,1.0,1.0,0.10517572749722603,0.00045653872984985355,1.1418027914948115
681,,1.0,0.0,0.22167027031991893,0.00046224071138567524,1.1377535367634355
682,1.0000000000000002,1.0,1.0,0.027011811465854407,0.0002854792555808672,1.1641600519885764
683,1.0090633075660367,1.0,1.0,0.04965096264731983,0.00031817062154004816,1.1739868117847485
684,1.0,1.0,1.0,0.030117111116851447,0.0005230618580753799,1.1844301941243458
685,1.0292495180237458,1.0,1.0,0.0807685816207595,0.0013456678616421414,1.1467167550962376
686,1.0015587046857035,1.0,1.0,0.030999397869891254,0.0002558289470471209,1.1417330666451555
687,1.0109338177043985,1.0,1.0,0.08171739150202484,0.0003649268774097436,1.107280281275472
688,1.0,1.0,1.0,0.014261798542065662,0.0003071467881454737,1.1624331309712113
689,1.0,1.0,1.0,0.025150304258204415,0.00033869775870698504,1.1968765156797874
690,1.0,1.0,1.0,0.008999628990750352,0.0002558289461376262,1.143177627002356
691,1.004428600950796,1.0,1.0,0.021512819577765185,0.00023758260340400739,1.1718392147996028
692,1.0288328875995671,1.0,1.0,0.9220953341055065,0.0006378617717928137,1.1799200794281588
693,1.0061492591277856,1.0,1.0,0.08771245586649457,0.0005770406260126038,1.1924700059972881
694,1.0010162010812511,1.0,1.0,0.03415297430547071,0.0003702487283590017,1.1972838615055708
695,1.0400375168026017,1.0,1.0,0.03339955235696834,0.00029346203155000694,1.1934583949303386
696,1.0,1.0,1.0,0.022913226471246162,0.00042004604165413184,1.139470022516632
697,1.0,1.0,1.0,0.010615570821755682,0.00026647264712664764,1.1679662286525836
698,1.017917886950212,1.0,1.0,0.5415096720826114,0.000639382300505531,1.124038185948508
699,1.0,1.0,1.0,0.018407519926768146,0.00037252952097333036,1.1414638349861312
700,1.007423756490754,1.0,1.0,0.05144974804807134,0.000436771856584528,1.196576621852812
701,1.0006987114696575,1.0,1.0,0.028333531002317613,0.0002854792555808672,1.1612018298113105
702,1.0050427361034195,1.0,1.0,0.04284013465803582,0.0002706541017687414,1.1122267763661
703,1.0,1.0,1.0,0.01615105539895012,0.0002771163481156691,1.1435004266005961
704,1.034996723914306,1.0,1.0,0.09009360374420794,0.0003527626486174995,1.1550596341912258
705,1.0,1.0,1.0,0.006483534195467655,0.00021135348288225941,1.1846416321082187
706,1.0299028972823596,1.0,1.0,0.6718155568323709,0.0005975677622700459,1.1185086331735834
707,1.0090580345051043,1.0,1.0,0.042762587697325216,0.00030866731776768574,1.112267155512772
708,1.012149681103232,1.0,1.0,0.0273212390484332,0.0005120380255903001,1.1791291050958954
709,1.0,1.0,1.0,0.021982662932714447,0.00031779049004398985,1.1708948850317433
710,,1.0,0.0,0.05246774198440107,0.00036036529218108626,1.1795711420079467
711,1.0,1.0,1.0,0.01639395985239389,0.00022845943112770328,1.1489895889178827
712,1.0133635192876518,1.0,1.0,0.06950868678086408,0.000300684541798546,1.1260771099102225
713,1.0041751218544421,1.0,1.0,0.03471861096659268,0.00039267652573471423,1.102271653078976
714,1.010871234574929,1.0,1.0,0.09457840301911347,0.00037443018209160073,1.1285617088162747
715,1.0005305532853699,1.0,1.0,0.05200740193322417,0.0004424738390298444,1.108178288320108
716,1.0,1.0,1.0,0.02416120036650682,0.00036036529218108626,1.1102127912282251
717,1.0,1.0,1.0,0.023545006128188106,0.0002858593879864202,1.1504553608071482
718,1.0,1.0,1.0,0.020089604754502943,0.00028814018060074886,1.1250231804703112
719,1.0000864433701355,1.0,1.0,0.08622043712148297,0.0002885203130063019,1.1045100541687662
720,1.0,1.0,1.0,0.02308694687053503,0.00031779048913449515,1.148604780459284
721,1.0029899882690063,1.0,1.0,0.16193060003115534,0.00042384736389067257,1.1225623063063332
722,1.0,1.0,1.0,0.04830415438846103,0.0002649521184139303,1.1630805597696132
723,1.0048819032823098,1.0,1.0,0.09249451849427714,0.00045349767242441885,1.1281234619715808
724,1.0,1.0,1.0,0.0127378486949965,0.0002862395203919732,1.1480711202246432
725,1.0,1.0,1.0,0.008807282115412818,0.0002554488146415679,1.1321089372165585
726,1.005322956380422,1.0,1.0,0.025750152813998284,0.00030904745017323876,1.1004380177728759
727,1.0,1.0,1.0,0.008858980090735713,0.00024214418954215944,1.183674327004217
728,1.00871022953764,1.0,1.0,0.019853162548315595,0.00031132824278756743,1.1869377495141609
729,1.003490896071667,1.0,1.0,0.09091544948387309,0.00041776524903980317,1.1859280714711211
730,1.0202606146979207,1.0,1.0,0.15890550826679828,0.0006606697024835739,1.119928135314313
731,1.0405609725695057,1.0,1.0,0.03793300854795234,0.00031741035672894213,1.1683626395906834
732,1.0030945971108356,1.0,1.0,0.05369024702486058,0.0002527878896216862,1.1137855294535084
733,1.0008706288556115,1.0,1.0,0.04049699999723089,0.0003223520752726472,1.114481588704599
734,1.0014388169927275,1.0,1.0,0.5422847615664068,0.0006139134457043838,1.1582288316424763
735,1.0,1.0,1.0,0.030042985345062334,0.00038355335436790483,1.1655899283547133
736,1.0019281413381418,1.0,1.0,0.050457603099857806,0.0003284341901235166,1.1836546957372056
737,1.0292506296550696,1.0,1.0,0.15362509237183986,0.00038697454328939784,1.1049200426631522
738,1.0,1.0,1.0,0.03666526778033585,0.00035390304492466385,1.1972265360762644
739,1.0,1.0,1.0,0.021599869842248154,0.0003018249381057103,1.1046221611824978
740,1.0090420658328885,1.0,1.0,0.06103934215843765,0.00036948846354789566,1.1294933643454284
741,1.0,1.0,1.0,0.017212764534633607,0.0003550434421413229,1.143554143571438
742,1.0,1.0,1.0,0.007092125790222781,0.0002626713257996016,1.1965332767990513
743,1.0194659108698063,1.0,1.0,0.04871013553929515,0.00033907789020304335,1.1862594447496229
744,1.0288647864694966,1.0,1.0,0.09548957981678541,0.0005059559107394307,1.1462154364973474
745,1.0012950074680147,1.0,1.0,0.08115213497421792,0.00037747123951703543,1.167942132631321
746,1.0,1.0,1.0,0.009085538859835651,0.00024328458584932378,1.1010622485812895
747,1.0078177544813742,1.0,1.0,0.0836374390646597,0.0012259262302904972,1.189973306351558
748,1.0005689621201403,1.0,1.0,0.09675237886676769,0.0003246328678869759,1.1419216679702027
749,1.0,1.0,1.0,0.02409999908741156,0.00031208850668917876,1.1696827112783246
750,1.0157057148304705,1.0,1.0,0.15698089911893476,0.00046566190121666295,1.1956940374218268
751,,1.0,0.0,0.13139002168281877,0.00047440494108741404,1.1589957125076642
752,1.0057050155471847,1.0,1.0,0.06916352677490067,0.00048314798095816514,1.1604496464737768
753,1.0329434002996303,1.0,1.0,0.06055733457469614,0.0003645467459136853,1.1966887421522865
754,1.00049593925169,1.0,1.0,0.0410915267020755,0.000507476439452148,1.1977582891674372
755,1.0231425989239775,1.0,1.0,0.15617425866639678,0.0005359863525882247,1.1957209636805182
756,1.003816440177793,1.0,1.0,0.024314013496223197,0.00029612295566039393,1.1132755404240129
757,1.0,1.0,1.0,0.02042374092616228,0.0003919162618331029,1.136156010623517
758,1.017473578273359,1.0,1.0,0.22931510827675083,0.000532185030351684,1.1612388045182718
759,1.008437054928901,1.0,1.0,0.08334815848775179,0.0005667770565196406,1.1632357250755248
760,1.006996957538024,1.0,1.0,0.13763673353969352,0.000334516304974386,1.1673670621983125
761,1.0088910339581496,1.0,1.0,0.2596454735376028,0.0007294736233234289,1.1164010495665604
762,1.00017901222621,1.0,1.0,0.04743783318554051,0.0002767362157101161,1.152504837301621
763,1.0,1.0,1.0,0.015294617633117014,0.0002801574055411038,1.144456774447802
764,1.000866353900323,1.0,1.0,0.04926246757440822,0.0002869997833840898,1.1973928660654494
765,1.0,1.0,1.0,0.03517286890291871,0.0004994936634830083,1.1870232506625304
766,1.0019779443540862,1.0,1.0,0.04297546170892019,0.0002831984620570438,1.1730776295315297
767,1.0086411642735353,1.0,1.0,0.031102033554816444,0.0003683480672407313,1.127547638469039
768,1.0,1.0,1.0,0.007037006626887887,0.00022655877000943292,1.126027812741466
769,1.0,1.0,1.0,0.010257866454594478,0.0011080852591476287,1.1708804662348056
770,1.0087400077219288,1.0,1.0,0.2660655256622704,0.0007214908473542891,1.1129614470345333
771,1.017433501361911,1.0,1.0,0.12906323270453868,0.00038659441088384483,1.1381574023873835
772,1.0027546028674723,1.0,1.0,0.03150763457415451,0.00032045141415437683,1.150386741898668
773,1.0007643563071154,1.0,1.0,0.033581635662812914,0.00029080110653012525,1.178310268566277
774,,1.0,0.0,0.027081755784820416,0.00022199718387128087,1.1119399829761036
775,1.0395163592253813,1.0,1.0,0.11922199110176734,0.0008940708503359929,1.1905179031716506
776,1.0112601915246353,1.0,1.0,0.013666891704815498,0.00023986339601833606,1.1848021316523505
777,1.0,1.0,1.0,0.009984931560211407,0.00023948326361278305,1.1199740917245649
778,1.0112039857959125,1.0,1.0,0.11534578342252644,0.0003196911502527655,1.1165763948332859
779,1.0,1.0,1.0,0.017094923562581243,0.0003649268783192383,1.1306030030950602
780,1.0066732742618822,1.0,1.0,0.08196485754160676,0.0006751147238901467,1.168233342903291
781,1.0,1.0,1.0,0.025779422989216982,0.00035162225231033517,1.1891367006554985
782,1.0128036779147613,1.0,1.0,0.06284877126108768,0.0003831732219623518,1.1644544214036476
783,1.0,1.0,1.0,0.008050819109485019,0.0002261786385133746,1.114565585492312
784,1.0082123464491874,1.0,1.0,0.17368656734561227,0.00039989903689274797,1.1440522285040315
785,1.0004523703072719,1.0,1.0,0.025015357339725597,0.0007176895269367378,1.1540704076772557
786,1.0015652550182208,1.0,1.0,0.05209673299214046,0.00032349247157981154,1.1052998643437677
787,1.0030029986030775,1.0,1.0,0.020010537264170125,0.00027217462957196403,1.1666001169096916
788,1.010910539278856,1.0,1.0,0.039644363552724826,0.0002778766120172804,1.1000678443729353
789,1.0265968669127983,1.0,1.0,0.05057354340897291,0.0005530922990146792,1.1133777484438634
790,1.0,1.0,1.0,0.022083017824115814,0.0004014195656054653,1.1259645935521754
791,1.0,1.0,1.0,0.08062527179481549,0.0003227322067687055,1.1571595083780917
792,1.0149554250416424,1.0,1.0,0.18253414347054786,0.000469843354949262,1.1573259948946275
793,1.0150970646522521,1.0,1.0,0.029710369702115713,0.00024860643588908715,1.1118920933404022
794,1.0007012601845025,1.0,1.0,0.0363980348683981,0.00027293489347357536,1.1822544406906585
795,1.011885026585033,1.0,1.0,0.03649230764585809,0.0005876843260921305,1.1248866137766573
796,1.011869408249044,1.0,1.0,0.028608746689315012,0.00043183013895031763,1.1976921475324795
797,1.0144336279166168,1.0,1.0,0.05304250181688985,0.0002619110609884956,1.1341165747561406
798,1.0,1.0,1.0,0.024153977855348785,0.00031246863909473177,1.1491443845303595
799,1.0144715009319385,1.0,1.0,0.07742227817743697,0.0005010141921957256,1.1270226656968576
800,1.0056688174009059,1.0,1.0,0.022064011215661594,0.00031512956411461346,1.1823941652625383
801,1.0,1.0,1.0,0.010678292628654162,0.000264571986917872,1.1020750176265044
802,1.0,1.0,1.0,0.012343271508143516,0.0003949573183490429,1.196509766503012
803,1.005629618217013,1.0,1.0,0.03445898069821851,0.0002885203130063019,1.158882451272306
804,1.0064259147858228,1.0,1.0,0.0717727539513362,0.0002748355555013404,1.108565773993715
805,1.0025775068593197,1.0,1.0,0.07558547955886752,0.00038355335345841013,1.173763512153424
806,1.0021744474449177,1.0,1.0,0.09651403599946207,0.0004550182011371362,1.1624703354978596
807,1.014425531599604,1.0,1.0,0.017390286254340026,0.0002831984620570438,1.1445666443224878
808,1.0,1.0,1.0,0.013073885528683604,0.0003037255992239807,1.177135689199699
809,1.0039152298528136,1.0,1.0,0.10967991351299133,0.000433350667663035,1.1096234584049112
810,1.0,1.0,1.0,0.018119379746167397,0.0003801321645369171,1.1460223017704714
811,1.0,1.0,1.0,0.020610765951460053,0.00026077066468133125,1.1543567269754758
812,1.002206574841412,1.0,1.0,0.012646616975871439,0.000268373308244918,1.142398486800368
813,1.00732416436191,1.0,1.0,0.04115196771635965,0.0006785359137211344,1.137834966937331
814,1.0021174263067467,1.0,1.0,0.08010335033304727,0.00036872819873678964,1.1400807427377107
815,1.0152235195686072,1.0,1.0,0.029319973968085833,0.00030030440939299297,1.188802367569936
816,1.0252766882953916,1.0,1.0,0.06418417555414635,0.00027027396936318837,1.1210288677873252
817,1.0,1.0,1.0,0.015483163186218007,0.00026039053318527294,1.1188716000700853
818,1.0,1.0,1.0,0.033136120766357635,0.0003132289029963431,1.1013764794806173
819,1.018931951864369,1.0,1.0,0.06672307827921031,0.0003618858199843089,1.160562945335617
820,1.001027446172117,1.0,1.0,0.06152058947827754,0.0003170302252328838,1.1207622806741466
821,1.0281257154731653,1.0,1.0,0.15429374484938307,0.0004926512847305275,1.1610527264357398
822,1.0,1.0,1.0,0.027865208175171574,0.00034477987264835974,1.1000437473076896
823,1.0212864755345357,1.0,1.0,0.08471435348656087,0.00035656396994454553,1.1463388091813471
824,1.033186225315208,1.0,1.0,0.01993108964052226,0.0003189308863511542,1.1359865710785093
825,1.0197817466325876,1.0,1.0,0.01431311638407351,0.00026609251563058933,1.10351764271731
826,1.0027226574210633,1.0,1.0,0.06707698132504447,0.0008218457387556555,1.1262645107838072
827,1.0,1.0,1.0,0.018146749262086814,0.0003831732219623518,1.1853675803515573
828,1.0115142152088286,1.0,1.0,0.10800239027139469,0.000503294985719549,1.1078570341987886
829,1.0,1.0,1.0,0.025010035489685833,0.0004405731788210687,1.1349681571231713
830,1.00069988713215,1.0,1.0,0.07728619086356048,0.0002946024278571713,1.1999812979717344
831,1.021374680839709,1.0,1.0,0.04154236344857054,0.00039609771465620724,1.1171413987538745
832,1.0074373490677877,1.0,1.0,0.03507403454023006,0.0003520023838063935,1.1651489927594347
833,1.0,1.0,1.0,0.008184245498341625,0.0002140144088116358,1.185816133578837
834,1.0159689636959146,1.0,1.0,0.03789803638937883,0.00036872819964628434,1.1385555985648634
835,1.0,1.0,1.0,0.03471937123049429,0.00032957458643068094,1.1410136174687164
836,1.0006821334465956,1.0,1.0,0.28812269449827,0.0003284341901235166,1.1920095035231946
837,1.0,1.0,1.0,0.06431380062167591,0.0002318806200491963,1.1828646736088
838,1.0,1.0,1.0,0.013536506372474832,0.00022503824129671557,1.1542371223467132
839,1.0,1.0,1.0,0.015004956923803547,0.0002474660386724281,1.1574926347582972
840,1.0,1.0,1.0,0.023325669869336707,0.0002854792555808672,1.1212103156119038
841,1.0,1.0,1.0,0.019852022151098936,0.00031170837519312045,1.1486604424924853
842,1.0,1.0,1.0,0.014145097967229958,0.00027939714072999777,1.189869047473061
843,1.0181991776833272,1.0,1.0,0.09655737106641027,0.0003592248949644272,1.1081677469309297
844,1.0,1.0,1.0,0.008414985722083657,0.0002261786376038799,1.1013966437020168
845,1.0125785716180022,1.0,1.0,0.13682895269084838,0.00040560101933806436,1.1833290515271286
846,1.0,1.0,1.0,0.007916632453998318,0.00019500780035741627,1.1914445736121706
847,1.0,1.0,1.0,0.01773924758163048,0.00026305145729565993,1.1445326318091138
848,1.0,1.0,1.0,0.021995587426317798,0.0002626713248901069,1.103806528826801
849,1.009005438910955,1.0,1.0,0.10919866619224194,0.0004675625623349333,1.1539731594544853
850,1.000685775480851,1.0,1.0,0.07014198696560925,0.0004785863948200131,1.158553252060243
851,1.0099360215218252,1.0,1.0,0.03831542150601308,0.0002657123832250363,1.1884697985496167
852,1.0,1.0,1.0,0.018357722613473015,0.00025202762481058016,1.178165970340361
853,1.006433030364669,1.0,1.0,0.11931208242458524,0.00036264608479541494,1.1852878986938256
854,1.041460341888012,1.0,1.0,0.14335392129123647,0.00030258520291681634,1.1188959482313983
855,1.0,1.0,1.0,0.024581246407251456,0.00041966590924857883,1.167447276446422
856,1.0086951161357807,1.0,1.0,0.07062665547618963,0.00036606727462640265,1.1692617732741128
857,1.0,1.0,1.0,0.007710600821155822,0.00032387260398536455,1.1940884448502742
858,1.0043205051268862,1.0,1.0,0.11812340914639208,0.0004276486852177186,1.1490935407171243
859,1.0,1.0,1.0,0.015147126352530904,0.0002653322508194833,1.1314518929615818
860,1.0,1.0,1.0,0.032821371334648575,0.00032691366141079925,1.1071015368600559
861,1.0113600532827849,1.0,1.0,0.024742422445342527,0.00029118123711668886,1.1829680668206903
862,,1.0,0.0,0.03423166166430747,0.0003683480672407313,1.1043969988227376
863,1.0022948780305854,1.0,1.0,0.07660537415631552,0.0002565892100392375,1.1676147717938021
864,1.0,1.0,1.0,0.014427156033889332,0.0003831732219623518,1.1895531979432483
865,1.0,1.0,1.0,0.05309876137653191,0.00039989903689274797,1.1467609579149016
866,1.0,1.0,1.0,0.05245367709449056,0.0002774964796117274,1.1745454609831911
867,1.0012736535410047,1.0,1.0,0.06539451636581362,0.00031170837519312045,1.1416117211004502
868,1.0,1.0,1.0,0.008517241274603293,0.00022199718387128087,1.1808273633762896
869,1.0,1.0,1.0,0.022631168404586788,0.00026951370455208234,1.1670054284140474
870,1.0422858897519307,1.0,1.0,0.16265931338966766,0.0004063612832396757,1.1061483905263367
871,1.0025285730051705,1.0,1.0,0.03747418902548816,0.0003067666566494154,1.162477073036356
872,1.008831101454418,1.0,1.0,0.03915057187077764,0.0004576791261570179,1.1042807075030991
873,1.001971971576967,1.0,1.0,0.3067814817850376,0.0004846685096708825,1.112108333507362
874,1.0029604944384665,1.0,1.0,0.06055695444229059,0.0004398129140099627,1.1216157973070227
875,1.008726577502539,1.0,1.0,0.03876929930993356,0.00028737991578964284,1.1484118852434209
876,,1.0,0.0,0.1350799646024825,0.0005679174537362996,1.1357734360496596
877,1.0219369852570148,1.0,1.0,0.06019354809268407,0.0004124433980905451,1.1941136610192038
878,1.0060220765346068,1.0,1.0,0.01964903157477238,0.00026381172210676596,1.1151395127798134
879,1.0028953499134208,1.0,1.0,0.10942522496225138,0.00036872819964628434,1.124732049566855
880,1.0028337028017695,1.0,1.0,0.047660210501817346,0.00030334546772792237,1.1632424340556815
881,1.013377564952223,1.0,1.0,0.097463606146448,0.0003501017226881231,1.165368041161107
882,1.0063418528174952,1.0,1.0,0.1773966572700374,0.0005485307128765271,1.1341446008787204
883,1.0195949733898968,1.0,1.0,0.12400443386104598,0.00046832282623654464,1.109585656373686
884,1.002750484982964,1.0,1.0,0.08443267555230705,0.00030296533441287465,1.187226011174599
885,1.0128268165722905,1.0,1.0,0.04057720788387087,0.0003402182865102077,1.159994679756706
886,1.0,1.0,1.0,0.016991527613754442,0.0002740752906902344,1.1951708776268792
887,1.0035598749374757,1.0,1.0,0.05218872497607663,0.00033565670128155034,1.1513574322763136
888,1.0,1.0,1.0,0.02836508197196963,0.0003949573183490429,1.174504592211077
889,1.004789832502833,1.0,1.0,0.06678770074722706,0.0005869240612810245,1.1230949502753604
890,1.0059774864421902,1.0,1.0,0.0580625271795725,0.000367207670933567,1.1675959048132203
891,1.0132308614663317,1.0,1.0,0.04598838924357551,0.00031779048913449515,1.1001461117598759
892,1.0,1.0,1.0,0.007718583597124962,0.00022845943021820858,1.1589863677166736
893,1.0114228716456701,1.0,1.0,0.10703419364836009,0.00030562626034225104,1.1322917402008046
894,1.0,1.0,1.0,0.024459984247187094,0.00027597595180850476,1.191127124488056
895,1.000812498281113,1.0,1.0,0.06057139946460666,0.0007887742413004162,1.19021878952811
896,1.0299073379769084,1.0,1.0,0.021628759887789784,0.0002645719860083773,1.1701893895107487
897,1.0,1.0,1.0,0.05289310987700446,0.0004166248518231441,1.1333197705335059
898,1.0,1.0,1.0,0.0302592805464883,0.00030638652424386237,1.149619315243852
899,1.00084042213284,1.0,1.0,0.04593745153306372,0.0004185255129414145,1.1887936740756546
900,1.0,1.0,1.0,0.030287790459624375,0.0003075269205510267,1.1930380529712807
901,1.019068193895486,1.0,1.0,0.16809330267915357,0.000506716174641042,1.1493103867298624
902,1.0018535425462631,1.0,1.0,0.02482263033198251,0.00026913357214652933,1.1627393440986868
903,1.0265570324282678,1.0,1.0,0.02597823211181094,0.00035390304492466385,1.1205702422709602
904,1.0163204378002295,1.0,1.0,0.01742943986755563,0.0002976434843731113,1.1139540542911692
905,1.0,1.0,1.0,0.03204286066193163,0.0005911055150136235,1.1764639226489773
906,1.0016285376744458,1.0,1.0,0.1194717379339636,0.0004546380687315832,1.1259435189484215
907,1.0188636462277072,1.0,1.0,0.17902552359464607,0.0003253931326980819,1.1022393280463607
908,1.0058913607079136,1.0,1.0,0.05792415907217219,0.00039343678963632556,1.197610763352066
909,1.0406268903457103,1.0,1.0,0.11087999075516564,0.0006154339744171011,1.156568007981475
910,1.0,1.0,1.0,0.01460581815081241,0.0003170302252328838,1.1700167621196806
911,1.0,1.0,1.0,0.0061961542787685175,0.0002109733513862011,1.136246982514189
912,1.0009541888229678,1.0,1.0,0.03118452223498025,0.0003098077140748501,1.1652081453733878
913,1.0,1.0,1.0,0.018748878609585518,0.00027027396845369367,1.1495813679241196
914,1.0136070517771638,1.0,1.0,0.12419335954746202,0.00449810390091443,1.1153251325244218
915,1.0,1.0,1.0,0.011175505499522842,0.0004306897417336586,1.177758368474748
916,1.0196505561347353,1.0,1.0,0.15162179586604907,0.00032387260398536455,1.1355280742798832
917,1.0156913724234162,1.0,1.0,0.1677694300760777,0.0005337055590644013,1.1811232668566976
918,1.007005186138775,1.0,1.0,0.12862722111276526,0.0003763308423003764,1.1337668716622407
919,1.0077815945502109,1.0,1.0,0.05934737389543443,0.0003044858640350867,1.1945011284700364
920,1.0086688102308516,1.0,1.0,0.03409747500973026,0.0005432088628367637,1.1446033490028886
921,1.030752940114484,1.0,1.0,0.025059832802980964,0.00034249908003403107,1.1328572937320966
922,1.0034617228725162,1.0,1.0,0.06628440576241701,0.0003615056884882506,1.1356535974992694
923,1.0,1.0,1.0,0.009198818245749862,0.00023568194228573702,1.1778393658128388
924,1.0,1.0,1.0,0.03320530482051254,0.0003288143216195749,1.180445841498079
925,1.0007280091829636,1.0,1.0,0.044584941291759606,0.0003531427810230525,1.1090517587278872
926,1.0006242176140228,1.0,1.0,0.07374449948747497,0.0003246328678869759,1.1987186503823624
927,1.0,1.0,1.0,0.033823399719040026,0.00030258520291681634,1.1959897628748848
928,1.0352781520282999,1.0,1.0,0.04901918298946839,0.0003976182442784193,1.1479382379357745
929,1.0041805977960678,1.0,1.0,0.12773010920409433,0.00034516000505391276,1.1016818257893493
930,1.019505996130397,1.0,1.0,0.14851725647986314,0.00041396392680326244,1.1087799681134327
931,1.0027913174089824,1.0,1.0,0.038575431905883306,0.00034135868372686673,1.1909321633210999
932,1.001102714039444,1.0,1.0,0.08920219381889183,0.0002797772731355508,1.1104460063641155
933,1.0083854595465538,1.0,1.0,0.05198953572198661,0.0004128235304960981,1.1239516718698086
934,1.0,1.0,1.0,0.038366359215615375,0.00025202762481058016,1.1420766131844768
935,1.0008353092957993,1.0,1.0,0.1278004336545564,0.00037252952097333036,1.156770785977577
936,1.0,1.0,1.0,0.0315627537374894,0.00041966590924857883,1.1852434689560296
937,1.0003184706190134,1.0,1.0,0.1787001304610385,0.002701979424273304,1.1727261944364278
938,1.0,1.0,1.0,0.011250771668528614,0.0002474660395819228,1.1031935566237074
939,1.0,1.0,1.0,0.009065391855074267,0.00023264088486030232,1.1507212573459298
940,1.0571902739454742,1.0,1.0,0.0894960359819379,0.00038127256084408145,1.195009599636763
941,1.0,1.0,1.0,0.022462769856247178,0.0002858593879864202,1.1763154129624724
942,1.0,1.0,1.0,0.026514598595895222,0.00034135868372686673,1.1939412285890385
943,1.0,1.0,1.0,0.01548848503625777,0.0002478461710779811,1.1928319800295162
944,1.0007765744444084,1.0,1.0,0.18326741841519834,0.0004896102273050928,1.1664240695111352
945,1.0056741664347342,1.0,1.0,0.3323491711598763,0.0005454896554510924,1.122505906724826
946,1.0,1.0,1.0,0.046908309081118205,0.00045691886134591186,1.1778295695473209
947,1.0,1.0,1.0,0.00851496048107947,0.00017372039928886807,1.1725813489815782
948,1.0018608045213395,1.0,1.0,0.1373117205384915,0.0003558037051334395,1.152085247286899
949,1.0,1.0,1.0,0.02636976824123849,0.000304865995531145,1.1017831682884238
950,1.0,1.0,1.0,0.00812646540998685,0.0001931071401486406,1.182323535634837
951,1.0,1.0,1.0,0.016993428274872713,0.00033375604016328,1.177551373974996
952,1.0003072879595234,1.0,1.0,0.09023691357015196,0.000371389124666166,1.127501155744836
953,1.0000402884996293,1.0,1.0,0.08281141187126195,0.00036074542367714457,1.1998147225520965
954,1.0095479699416336,1.0,1.0,0.043045025894571154,0.0003310951151433983,1.1440198293326544
955,1.0022018459414281,1.0,1.0,0.05235484273180191,0.0006754948562956997,1.1424829950160278
956,1.0000000000000002,1.0,1.0,0.02139954019276047,0.00025164749331452185,1.1421622029353582
957,1.0030798604850684,1.0,1.0,0.07901769287127536,0.0003044858640350867,1.1341957300427934
958,0.9999999671386873,1.0,1.0,0.018348979573602264,0.00033565670128155034,1.192250242011831
959,1.0444668148702945,1.0,1.0,0.1692831163536539,0.0009343648598587606,1.1053568020357274
960,1.0065892599689106,1.0,1.0,0.04591958532091667,0.0003101878464804031,1.1314076833637545
961,,1.0,0.0,0.050096097411369556,0.0002866196518880315,1.106787200878498
962,1.006010290164545,1.0,1.0,0.04619632153753628,0.0003307149827378453,1.1766010318728446
963,1.0075161234178058,1.0,1.0,0.03057707103653229,0.0002744554230957874,1.1707448093018653
964,1.0087601375106443,1.0,1.0,0.027440980679784843,0.0003322355114505626,1.1046730248811514
965,1.0,1.0,1.0,0.023925898556626635,0.00041738511663425015,1.189833114637943
966,1.0,1.0,1.0,0.015737091472146858,0.00020983295507903676,1.1090808906552212
967,1.0,1.0,1.0,0.01962698390980222,0.00023758260249451268,1.119491048128424
968,1.0066542839845856,1.0,1.0,0.169339756046611,0.00040560101933806436,1.1704587184016295
969,1.0,1.0,1.0,0.015139143577471259,0.00030600639274780406,1.1564745115108992
970,1.0,1.0,1.0,0.01200989560038579,0.0002866196518880315,1.1233039603454587
971,1.0008112031547072,1.0,1.0,0.04549763861905376,0.000540547937816882,1.1717230145635313
972,1.0012165099043948,1.0,1.0,0.01869071838882519,0.00021173361528781243,1.1047380099502144
973,1.0023771794380028,1.0,1.0,0.06937450012628688,0.0004249877592883422,1.1588811202929983
974,1.006291908248882,1.0,1.0,0.03595708155808097,0.00026647264712664764,1.1255246197157025
975,1.0234358052997263,1.0,1.0,0.01604119720377639,0.0002588700044725556,1.1326490200386297
976,1.0086347902009385,1.0,1.0,0.07663084301202616,0.0004128235304960981,1.156210919837799
977,1.0104179553403647,1.0,1.0,0.7957177351427163,0.0004181453805358615,1.118486120862419
978,1.0,1.0,1.0,0.008623678279946034,0.00022085678756411653,1.1761439381127194
979,1.0128760592035235,1.0,1.0,0.17588487165176048,0.0007906749015091918,1.113301488694968
980,1.00461366243491,1.0,1.0,0.09248311452938651,0.000602509480813751,1.178631077462464
981,1.00915615806974,1.0,1.0,0.0434491063851965,0.00043601159268291667,1.18846673670109
982,1.00701682665612,1.0,1.0,0.05403274610489461,0.0003520023838063935,1.1111988032321634
983,1.0024683532546286,1.0,1.0,0.09645625591110729,0.0004071215480507817,1.1321222737798295
984,1.0,1.0,1.0,0.029675017410227156,0.0002980236167786643,1.1668732020331993
985,1.0052299703004473,1.0,1.0,0.09019699969303474,0.0003261533975091879,1.1602153339935113
986,1.0071507153830996,1.0,1.0,0.039280196939216694,0.00033945802260859637,1.1965800834461513
987,1.005919232292924,1.0,1.0,0.17983900642502704,0.000404080490625347,1.1845175019968428
988,1.0,1.0,1.0,0.01113217043257464,0.00019994951799162664,1.161643155516544
989,0.9999999999999999,1.0,1.0,0.0208730571448541,0.00027635608330456307,1.1106262881825542
990,1.0,1.0,1.0,0.02133643825254694,0.00024594551086920546,1.1734646862876932
991,1.0,1.0,1.0,0.027167665653905715,0.0003972381118728663,1.1422766475370953
992,1.0000378589785444,1.0,1.0,0.03336267953636707,0.00031855075303610647,1.1770357191022018
993,1.0,1.0,1.0,0.014501661937174504,0.0002809176694427151,1.1834417011844773
994,1.005302661358398,1.0,1.0,0.12338976015143999,0.00048428837726532947,1.1450760974755287
995,1.0067321431250345,1.0,1.0,0.041187700139744265,0.0007553226105301292,1.177143064442754
996,1.0024733221687907,1.0,1.0,0.06799956208760705,0.0007021041074040113,1.1644329803432105
997,1.0,1.0,1.0,0.008184625630747178,0.00019196674293198157,1.1582362678894491
998,1.0050381740456396,1.0,1.0,0.057007280291145435,0.00036644740612246096,1.1352371940206707
999,1.0342055974317736,1.0,1.0,0.051593818138826464,0.0003253931326980819,1.1038984462781978
