,time,value,bound,no_items,no_pos,no_prop
0,3.1382846242797413,23.55953597670212,1.5,77.0,69.0,15.0
1,0.12164845699966609,7.633745790218992,1.5,28.0,24.0,6.0
2,0.07024222873855646,8.116128591730266,1.5,25.0,19.0,3.0
3,4.1200336494271,28.21221987070253,1.5,106.0,75.0,19.0
4,0.6550952728865145,13.867726712503575,1.5,45.0,38.0,13.0
5,1.0775951531444257,21.04036065265548,1.5,60.0,59.0,8.0
6,0.6406783256178876,12.674110707040839,1.5,44.0,41.0,18.0
7,3.6405608643325955,17.229979826859704,1.5,73.0,59.0,18.0
8,0.11370062349514853,5.054868060579181,1.5,21.0,14.0,19.0
9,0.06765351885880833,0.0,1.5,24.0,19.0,19.0
10,0.1613051355290338,6.918338353348357,1.5,20.0,18.0,15.0
11,0.5790442224633132,21.723291747814166,1.5,66.0,53.0,19.0
12,1.818581995199672,28.920251957086524,1.5,111.0,77.0,15.0
13,2.5581821098479693,23.52403330284447,1.5,78.0,54.0,15.0
14,0.10063999294472126,10.314745649585864,1.5,38.0,28.0,12.0
15,0.040154273424022335,5.771256608451235,1.5,17.0,15.0,14.0
16,0.0038359282520623594,1.0583679167929843,1.5,4.0,3.0,10.0
17,0.10496553328563962,0.0,1.5,12.0,10.0,14.0
18,1.8554887871989223,32.51191626971435,1.5,123.0,90.0,2.0
19,0.3090729529615075,16.974627546191062,1.5,55.0,43.0,11.0
20,2.4588858892123433,35.02557595817659,1.5,127.0,94.0,10.0
21,1.2965688380151832,25.029648693289577,1.5,76.0,65.0,11.0
22,1.9141912999581088,33.43997202655891,1.5,121.0,87.0,9.0
23,1.4504032077194502,28.987665171935213,1.5,106.0,87.0,6.0
24,1.2174520100324884,30.071046982578363,1.5,97.0,84.0,4.0
25,0.35483761832608707,18.93394159183345,1.5,57.0,53.0,11.0
26,3.7011819114182245,34.49952243316243,1.5,105.0,96.0,16.0
27,0.043469038497647716,4.624177339955466,1.5,21.0,14.0,7.0
28,0.048298255870975026,7.127780072850852,1.5,27.0,20.0,15.0
29,1.1524453614956585,22.789612795322768,1.5,76.0,65.0,18.0
30,1.7027644076339925,27.844023900051823,1.5,95.0,70.0,19.0
31,0.04108750143500828,7.977070805296644,1.5,29.0,21.0,6.0
32,0.5790993418366668,23.154989759465312,1.5,79.0,54.0,6.0
33,1.8435244619778928,34.98944487602399,1.5,119.0,94.0,4.0
34,0.31637075799401515,9.44341211081025,1.5,36.0,32.0,17.0
35,2.5670023499859767,35.985410590949535,1.5,136.0,99.0,7.0
36,0.31645818872417664,17.140821740827604,1.5,54.0,52.0,8.0
37,0.010697720034642089,4.055559065592319,1.5,16.0,11.0,4.0
38,0.9403954301858022,12.850165832437867,1.5,44.0,31.0,19.0
39,0.30112169825449797,21.071255238299116,1.5,55.0,49.0,11.0
40,0.09687438941038806,11.603423717442205,1.5,39.0,33.0,2.0
41,0.15894906741822012,9.82546263762831,1.5,38.0,28.0,14.0
42,0.7958576080320725,26.246666363118468,1.5,93.0,67.0,2.0
43,1.448119745128018,27.84822613365941,1.5,103.0,74.0,17.0
44,0.19201004769156071,12.932608493755756,1.5,55.0,38.0,2.0
45,0.28001173852585737,15.652428747291525,1.5,58.0,45.0,8.0
46,1.2794293738363152,26.781805705983018,1.5,106.0,71.0,10.0
47,1.0094539228648074,26.199453025549857,1.5,89.0,74.0,10.0
48,1.4880007024869073,29.395141713006605,1.5,97.0,91.0,10.0
49,0.3587450116967119,11.468524363785066,1.5,48.0,39.0,13.0
50,0.08976094917841948,4.489170315907988,1.5,23.0,16.0,12.0
51,0.6169519062560127,14.207490511287217,1.5,46.0,37.0,17.0
52,0.0038499931956081923,2.062478561439181,1.5,5.0,3.0,15.0
53,0.19717758397722207,11.406753898553376,1.5,48.0,38.0,8.0
54,0.22188854938734437,15.45780373805019,1.5,51.0,45.0,4.0
55,0.3591992713598984,18.287467492118367,1.5,68.0,49.0,2.0
56,1.2883655547251749,28.33032624156738,1.5,99.0,71.0,12.0
57,0.4348770305787042,20.04863360143441,1.5,64.0,48.0,19.0
58,2.7792252420880885,40.058894628537786,1.5,128.0,99.0,15.0
59,0.4854473450328314,19.380262174619702,1.5,66.0,58.0,2.0
60,0.656825641076324,23.486640936085564,1.5,77.0,66.0,8.0
61,0.3345278398451512,15.305889427114224,1.5,62.0,51.0,2.0
62,0.2149271625991105,14.447149097904452,1.5,52.0,41.0,9.0
63,0.04862479064141212,7.6296201850812535,1.5,25.0,24.0,19.0
64,1.1579687028396748,29.35941349028231,1.5,98.0,82.0,4.0
65,0.6818304497664798,20.04133644176084,1.5,80.0,62.0,8.0
66,0.0029061214435657234,1.5721707268080607,1.5,5.0,4.0,10.0
67,1.2074404311627376,23.703335360109637,1.5,79.0,76.0,16.0
68,1.2156239475050654,22.774412517637224,1.5,85.0,65.0,13.0
69,0.002717195039707576,1.723623115939322,1.5,5.0,4.0,2.0
70,1.6254916077902948,29.317473156023116,1.5,105.0,78.0,18.0
71,0.6502778396550895,18.686283803060963,1.5,67.0,52.0,17.0
72,0.5376887268337072,18.09652971655634,1.5,80.0,54.0,4.0
73,1.5979265992411058,30.87884718763725,1.5,117.0,81.0,10.0
74,0.7629441195991689,25.009480013493008,1.5,74.0,73.0,10.0
75,0.4397875965444342,13.453295863533295,1.5,57.0,46.0,12.0
76,0.2989131219841141,15.968264353941036,1.5,47.0,43.0,6.0
77,0.6152781779739911,19.520542842249338,1.5,82.0,58.0,3.0
78,1.734226165812757,28.610716859247567,1.5,99.0,85.0,17.0
79,0.2759097167472504,12.455904873066759,1.5,50.0,43.0,13.0
80,0.049174083706944316,9.062413581335848,1.5,31.0,24.0,2.0
81,0.6704173182790356,23.723376582645333,1.5,84.0,60.0,5.0
82,1.5038283255798746,35.40487777705909,1.5,100.0,89.0,10.0
83,1.034588737249365,25.190776396064596,1.5,94.0,77.0,5.0
84,0.7506448966682768,14.787647852681806,1.5,60.0,48.0,10.0
85,0.46311449548286987,20.759826459886767,1.5,70.0,48.0,15.0
86,1.969440679009864,33.060881177875835,1.5,123.0,89.0,11.0
87,0.005350760685374212,0.0,1.5,9.0,7.0,17.0
88,2.1536199743485867,37.73173655487917,1.5,132.0,93.0,4.0
89,0.8815655726674834,19.924863614835722,1.5,73.0,54.0,15.0
90,2.4363523291166302,33.3409418998271,1.5,130.0,94.0,14.0
91,0.10426988878050736,7.47990410655256,1.5,28.0,27.0,12.0
92,1.8244687442742418,29.908165922993195,1.5,102.0,88.0,13.0
93,0.42308984761963586,21.175605771462997,1.5,67.0,53.0,5.0
94,0.09321712395473014,9.163715625020348,1.5,36.0,25.0,7.0
95,0.0024336153671242755,0.0,1.5,5.0,4.0,13.0
96,1.130373663735341,24.915575971104538,1.5,87.0,84.0,9.0
97,0.261633418914073,13.406087124885554,1.5,54.0,47.0,5.0
98,0.10393917254036467,6.9959478692068515,1.5,28.0,22.0,19.0
99,1.0543572054705805,23.086156048597093,1.5,80.0,70.0,19.0
100,0.03121619186711655,5.748329533889943,1.5,18.0,13.0,14.0
101,0.38731471337546,17.397755663443718,1.5,67.0,48.0,11.0
102,0.8227934954577876,27.703336464278383,1.5,91.0,69.0,3.0
103,0.5505395236317554,21.550454806756814,1.5,71.0,57.0,19.0
104,0.8477310204990829,25.28662941766867,1.5,85.0,65.0,19.0
105,0.005697062403498876,1.054168802402536,1.5,6.0,4.0,5.0
106,2.1769157023310584,33.43258384380742,1.5,114.0,83.0,15.0
107,0.2960282880226828,15.688893759727376,1.5,61.0,45.0,8.0
108,0.8515893766341094,20.075008500764728,1.5,69.0,55.0,16.0
109,0.629526726053669,18.743953531921775,1.5,66.0,53.0,15.0
110,1.6125712465417337,17.460306867679904,1.5,65.0,55.0,19.0
111,0.09364325373081783,10.362773702123826,1.5,41.0,28.0,2.0
112,1.0749680497701348,24.875216565550087,1.5,84.0,60.0,19.0
113,0.19740984561254038,7.796865624557854,1.5,34.0,28.0,16.0
114,0.6366173582690777,22.674827954180742,1.5,73.0,59.0,11.0
115,0.09104199944195557,0.0,1.5,12.0,11.0,18.0
116,1.3209753164042013,28.625426532315448,1.5,108.0,83.0,2.0
117,0.10335300651472323,8.404150509921799,1.5,33.0,22.0,17.0
118,2.02387999334006,33.339732671172406,1.5,121.0,81.0,10.0
119,0.010460896796004704,2.9577569278808573,1.5,14.0,11.0,9.0
120,0.04745017778849103,6.360375523107865,1.5,27.0,23.0,10.0
121,0.6319280300640173,23.453466361983544,1.5,74.0,61.0,17.0
122,0.18393524956151452,14.818538339239026,1.5,46.0,41.0,9.0
123,0.0916559152210823,6.398557655472196,1.5,27.0,18.0,8.0
124,0.9979134466182131,18.718164386045665,1.5,62.0,45.0,13.0
125,0.1715117229403802,13.129483810515861,1.5,45.0,40.0,8.0
126,1.134078826025771,25.189221004164978,1.5,90.0,78.0,9.0
127,0.0063155397859304685,3.158490156770477,1.5,9.0,8.0,19.0
128,0.21035567581293435,7.052693280370253,1.5,28.0,20.0,14.0
129,1.0863294830867147,29.477208136095733,1.5,108.0,73.0,2.0
130,0.8974418528624426,29.403563166651363,1.5,81.0,79.0,6.0
131,1.5932167438211167,32.008257261858226,1.5,119.0,82.0,4.0
132,0.08426497745428208,11.109438187891204,1.5,36.0,29.0,6.0
133,0.0911647825977866,8.039024594968195,1.5,33.0,24.0,11.0
134,0.33089186187160635,16.053440974920832,1.5,55.0,39.0,7.0
135,0.3081724164409394,18.347390715439168,1.5,52.0,48.0,10.0
136,2.0618275911617445,35.40943231034882,1.5,120.0,95.0,8.0
137,1.2660444893170961,30.199037279824367,1.5,108.0,75.0,8.0
138,2.01797195678337,32.32629899650123,1.5,109.0,99.0,11.0
139,1.9370320080101777,34.05643955528168,1.5,118.0,90.0,10.0
140,0.7410370196916745,20.787039699952917,1.5,82.0,55.0,18.0
141,0.007143850920726891,0.0,1.5,12.0,8.0,11.0
142,0.8400713282704686,24.496006816648872,1.5,75.0,74.0,15.0
143,0.2511029576675554,14.3695804611837,1.5,57.0,43.0,3.0
144,0.32147823316938684,17.51972322308326,1.5,56.0,53.0,3.0
145,1.3729696113589966,30.16183889204604,1.5,110.0,82.0,2.0
146,0.3775243722663646,17.784048751049234,1.5,56.0,50.0,13.0
147,0.9889400126356378,27.42301171099978,1.5,90.0,62.0,15.0
148,0.6537020832082163,17.114730203045596,1.5,76.0,51.0,19.0
149,2.10523580828189,37.60592654026546,1.5,113.0,98.0,12.0
150,0.5630816519390294,17.170755316372972,1.5,68.0,66.0,4.0
151,1.0526180942077303,26.188875984558916,1.5,88.0,85.0,3.0
152,1.515279090294655,27.23961206972767,1.5,95.0,89.0,14.0
153,0.10259920156738644,9.73465096671542,1.5,43.0,30.0,7.0
154,2.2133408650472575,35.60649697856169,1.5,130.0,93.0,6.0
155,1.0143264754695736,23.828594333058,1.5,78.0,71.0,14.0
156,0.0026122781635251613,1.0896375238887432,1.5,5.0,3.0,5.0
157,0.9315421184238062,21.396044467966348,1.5,74.0,53.0,14.0
158,1.3038624615780066,27.74161646624389,1.5,81.0,80.0,15.0
159,0.4063301369165231,11.198954512681501,1.5,39.0,32.0,17.0
160,5.586732044579037,35.75221451648647,1.5,118.0,96.0,8.0
161,0.012431889560559739,2.499704832331675,1.5,6.0,4.0,5.0
162,3.475803735496953,24.619210724809733,1.5,80.0,71.0,19.0
163,0.7342261658127427,14.919197175868684,1.5,48.0,46.0,19.0
164,0.12397145348646177,8.17677588086903,1.5,30.0,26.0,4.0
165,0.025287628095526316,4.276573516586341,1.5,15.0,13.0,4.0
166,1.1433004872552601,17.63804510984871,1.5,65.0,51.0,18.0
167,0.38068328256014183,13.205511496112466,1.5,51.0,38.0,11.0
168,1.3076866056881613,19.350390768707413,1.5,69.0,59.0,14.0
169,1.9701918230219633,22.720445573439754,1.5,86.0,65.0,18.0
170,0.010511074432429268,4.562057977651679,1.5,11.0,10.0,8.0
171,0.22720395764704904,11.307538905565536,1.5,44.0,38.0,4.0
172,0.00370060068715361,0.0,1.5,5.0,4.0,17.0
173,0.1168910848785174,7.483373794960963,1.5,33.0,25.0,10.0
174,2.942090445949958,33.406378531567555,1.5,131.0,99.0,17.0
175,0.1085730012384829,9.076566245121937,1.5,38.0,27.0,9.0
176,0.5001714402578443,17.941757314522686,1.5,63.0,46.0,10.0
177,1.857001338830571,34.00381648988381,1.5,105.0,95.0,13.0
178,0.07379647798609312,7.015115348819146,1.5,33.0,27.0,10.0
179,0.13679716146631904,9.26206216935627,1.5,31.0,30.0,16.0
180,1.1514661373179536,25.785208826489136,1.5,100.0,72.0,12.0
181,0.39201848665769035,13.577979038470945,1.5,54.0,42.0,6.0
182,0.1363368196653596,11.472130140634423,1.5,44.0,31.0,18.0
183,1.173596375654114,30.689265075178866,1.5,95.0,77.0,8.0
184,1.5159101120862033,35.71649333731708,1.5,98.0,95.0,5.0
185,0.061372951364944583,6.708736949348969,1.5,22.0,20.0,15.0
186,0.938368177647078,22.927832085946527,1.5,84.0,76.0,8.0
187,2.6856918469703714,39.494153986100265,1.5,123.0,95.0,12.0
188,0.1855249683158604,13.16518530466829,1.5,48.0,33.0,10.0
189,1.1691590760320594,29.06637922556799,1.5,90.0,81.0,12.0
190,0.002887875030324949,0.0,1.5,6.0,4.0,13.0
191,0.6134843274714399,20.08502509383962,1.5,72.0,55.0,10.0
192,2.1376456196824165,36.66712484181229,1.5,121.0,98.0,5.0
193,1.57373603674219,32.86590672240225,1.5,109.0,86.0,11.0
194,0.004650934710554111,0.0,1.5,8.0,5.0,6.0
195,0.5974837435861957,24.36717063025928,1.5,69.0,64.0,11.0
196,0.8856835600576858,25.047593492941367,1.5,79.0,67.0,11.0
197,0.259088044265809,14.971586777254977,1.5,54.0,46.0,5.0
198,0.004915127569034894,0.0,1.5,9.0,7.0,9.0
199,0.4808849814532721,13.638575969095928,1.5,46.0,31.0,16.0
200,0.1845358606643117,9.530435980482682,1.5,34.0,28.0,17.0
201,0.5063775015642591,18.099534883587722,1.5,67.0,60.0,8.0
202,0.7721825067074803,24.515879516542892,1.5,94.0,63.0,3.0
203,0.047036212287906665,11.293221271984368,1.5,32.0,23.0,3.0
204,0.10254598286206829,12.927463023474349,1.5,40.0,32.0,7.0
205,0.02064619672520962,5.234654492238993,1.5,21.0,17.0,3.0
206,0.9129273557069837,27.095934924069063,1.5,81.0,80.0,4.0
207,1.150168361175588,30.218349201316403,1.5,106.0,73.0,7.0
208,0.1444975279911489,15.121863879621879,1.5,41.0,39.0,9.0
209,0.2634565397045776,14.000790452961448,1.5,56.0,45.0,5.0
210,0.5830542519084361,20.120739596685222,1.5,71.0,64.0,3.0
211,0.07649238554367344,9.16565397848543,1.5,30.0,28.0,5.0
212,0.8992448265716178,24.942200912125998,1.5,91.0,67.0,9.0
213,0.1230427870787878,11.264366173069838,1.5,40.0,39.0,2.0
214,0.031969616680896706,5.472342302955016,1.5,22.0,20.0,7.0
215,0.9948605936014303,26.075478011763973,1.5,89.0,71.0,14.0
216,0.009865607563739331,4.289966531576907,1.5,14.0,10.0,12.0
217,0.2292213267119223,13.522811979545475,1.5,47.0,39.0,19.0
218,0.0419477437930027,6.832847274530093,1.5,27.0,21.0,13.0
219,1.6796503835168153,34.69227100352891,1.5,102.0,94.0,11.0
220,0.6288436259576429,25.01377074842971,1.5,71.0,69.0,4.0
221,1.3628337287989893,30.364220852841054,1.5,100.0,85.0,8.0
222,1.4472412563567616,32.71542708877092,1.5,114.0,81.0,6.0
223,0.7187714537905663,26.393921180934463,1.5,83.0,65.0,4.0
224,1.7898191856473602,32.15344881787509,1.5,102.0,95.0,15.0
225,2.697644388049497,36.82824073324664,1.5,131.0,96.0,13.0
226,0.004630027362026112,0.0,1.5,7.0,6.0,18.0
227,0.280832827122083,9.839204293720842,1.5,32.0,28.0,11.0
228,0.30720611680592924,17.897436187530857,1.5,55.0,48.0,19.0
229,0.004237729477154062,2.871198981627591,1.5,8.0,5.0,13.0
230,1.854811769240655,36.42272197581837,1.5,129.0,87.0,4.0
231,1.720930992825373,32.84693693927472,1.5,99.0,94.0,14.0
232,2.6651737552714962,38.34841317720888,1.5,138.0,92.0,12.0
233,0.9921171693426629,29.045803391969105,1.5,97.0,72.0,2.0
234,2.6921373924506895,36.78507229137847,1.5,139.0,97.0,11.0
235,0.1869192983949972,13.825392500241598,1.5,52.0,40.0,2.0
236,0.5068838395319233,14.778953978624537,1.5,59.0,50.0,19.0
237,0.17908360430524795,11.099555354266059,1.5,40.0,34.0,6.0
238,1.8494613886888942,25.879395356931003,1.5,101.0,76.0,19.0
239,3.2417311436623777,38.71846951910344,1.5,143.0,97.0,18.0
240,0.006966708658751486,2.9509383907163738,1.5,10.0,9.0,8.0
241,1.6182854149576542,29.076071527551,1.5,121.0,81.0,5.0
242,0.906341160791186,24.48237103794901,1.5,78.0,74.0,16.0
243,0.674456237878502,23.4484964882679,1.5,76.0,59.0,10.0
244,0.10747593564184399,3.8268802741701418,1.5,16.0,11.0,11.0
245,0.0868582489373182,6.3215964651514165,1.5,28.0,19.0,15.0
246,1.4532758774053889,31.35778949226632,1.5,106.0,86.0,6.0
247,1.0590073799139077,26.119639753328585,1.5,83.0,80.0,13.0
248,0.7445068792779352,21.016954071820702,1.5,67.0,61.0,16.0
249,0.13804095863613952,6.182279905256681,1.5,22.0,15.0,16.0
250,0.5639251684181943,8.751030394263337,1.5,37.0,25.0,15.0
251,1.62049855283135,30.900355533788503,1.5,110.0,82.0,13.0
252,1.804342570326611,33.59765676207791,1.5,123.0,86.0,8.0
253,0.3380817089590664,17.876577850256222,1.5,67.0,46.0,5.0
254,0.34779792401434406,13.11549988385257,1.5,55.0,41.0,8.0
255,0.1696384245134368,15.40021172004846,1.5,41.0,36.0,11.0
256,0.4376451635220917,18.33795682052942,1.5,64.0,57.0,6.0
257,0.4631912824719393,18.0697176159801,1.5,54.0,49.0,13.0
258,0.36625721208488926,20.56122398766763,1.5,59.0,54.0,9.0
259,0.11294149667725151,13.526950157729997,1.5,40.0,33.0,10.0
260,2.5282386053049777,37.571626856133626,1.5,139.0,98.0,2.0
261,1.8018154420915948,29.568604581550478,1.5,105.0,77.0,19.0
262,2.783599439531031,38.25401584806627,1.5,140.0,98.0,14.0
263,0.4311817517620966,10.834154963557047,1.5,33.0,26.0,11.0
264,0.45585432367767,15.824246354927277,1.5,60.0,45.0,10.0
265,0.6490359431533079,21.541437402217632,1.5,79.0,56.0,10.0
266,0.035196570890718704,7.212587676802576,1.5,21.0,20.0,16.0
267,2.124561040714582,33.63426450650972,1.5,126.0,89.0,15.0
268,0.19676323834301002,14.394456529979657,1.5,46.0,33.0,11.0
269,0.03152714115958588,8.370748787368388,1.5,23.0,22.0,5.0
270,0.004014971182073168,0.0,1.5,8.0,6.0,16.0
271,3.1987365119092033,36.136712970356555,1.5,144.0,98.0,13.0
272,0.09654671423911054,6.840877960037181,1.5,29.0,20.0,13.0
273,1.2607275605229518,27.03072692832287,1.5,89.0,79.0,14.0
274,0.9249886149983979,23.5932255120987,1.5,88.0,71.0,11.0
275,2.0760780399094756,35.10218560795784,1.5,109.0,89.0,14.0
276,0.44225238286753665,20.78269633173004,1.5,65.0,54.0,7.0
277,0.1481509921107147,10.555571082529744,1.5,36.0,31.0,11.0
278,0.1537328740305668,14.373762740846123,1.5,43.0,42.0,2.0
279,3.9813704120724367,22.444493999781415,1.5,94.0,63.0,16.0
280,1.6302790104666087,28.844755766449293,1.5,120.0,81.0,7.0
281,0.017377427818331626,4.315802217538834,1.5,20.0,14.0,4.0
282,0.5168593057087776,17.532540417810047,1.5,63.0,48.0,12.0
283,1.1078496069798405,28.20654565159529,1.5,82.0,81.0,19.0
284,1.2653047493132874,24.45465498138046,1.5,90.0,67.0,17.0
285,1.657187528272459,36.65915996745595,1.5,118.0,87.0,2.0
286,0.3348121797849615,17.938054992786995,1.5,66.0,44.0,14.0
287,1.356640211901663,29.80768934396631,1.5,100.0,89.0,4.0
288,1.3936154279506354,28.90897468057008,1.5,89.0,71.0,18.0
289,0.10303445455008386,11.245248490622627,1.5,42.0,33.0,2.0
290,0.004088717102291639,0.0,1.5,6.0,5.0,15.0
291,1.2672221432388824,28.0214298726056,1.5,95.0,81.0,16.0
292,0.02599809781142426,6.520237317986262,1.5,22.0,18.0,3.0
293,0.721152990853227,29.910904792715463,1.5,80.0,68.0,6.0
294,0.25328530471890076,13.389522944258584,1.5,43.0,40.0,15.0
295,3.1295153220453926,30.787357004046623,1.5,121.0,87.0,18.0
296,0.0028551835399071024,0.0,1.5,4.0,3.0,8.0
297,1.8499240112915345,27.823730516364673,1.5,127.0,85.0,8.0
298,0.10598010988906026,12.939034377518752,1.5,39.0,33.0,10.0
299,0.7801626515687872,25.74360146785296,1.5,78.0,74.0,3.0
300,0.0030346066035349395,1.6492298131269667,1.5,6.0,5.0,2.0
301,0.14465034170211766,12.906748843717425,1.5,37.0,34.0,15.0
302,1.1613397276875048,28.064718896277512,1.5,91.0,81.0,10.0
303,0.30640403489019263,15.54514432129579,1.5,54.0,51.0,12.0
304,0.11393288513050948,3.548787267052953,1.5,17.0,12.0,18.0
305,1.0547004661198116,26.722737679237433,1.5,93.0,70.0,10.0
306,0.0023712734551963877,0.0,1.5,4.0,3.0,14.0
307,1.470187641552286,29.065711549862534,1.5,112.0,79.0,9.0
308,0.04786490355627393,9.466140218695866,1.5,28.0,25.0,2.0
309,0.32890794456432104,17.605769911,1.5,65.0,47.0,3.0
310,0.1478982032605245,8.076727426599998,1.5,32.0,25.0,12.0
311,1.5058647013252084,29.061636713376426,1.5,98.0,94.0,8.0
312,0.7802580651047606,21.70946134389226,1.5,79.0,65.0,16.0
313,0.20305977144846565,13.63704382632771,1.5,53.0,41.0,3.0
314,0.08057388010735167,8.269822007725445,1.5,28.0,22.0,10.0
315,2.2022607306016084,33.721471396124606,1.5,120.0,91.0,11.0
316,0.6092766285494235,20.59628544725624,1.5,77.0,58.0,12.0
317,0.01814415730842711,3.0022719718027755,1.5,13.0,10.0,19.0
318,0.5169543391110665,19.27390145149345,1.5,63.0,54.0,9.0
319,0.5282412662402294,18.817653661959294,1.5,62.0,61.0,11.0
320,1.3666076952727053,32.00277944308711,1.5,109.0,82.0,5.0
321,0.032526132284999676,3.4533125196603502,1.5,20.0,14.0,5.0
322,0.0913643527427439,4.743726317796773,1.5,25.0,19.0,17.0
323,0.11133771297937756,11.40271884654711,1.5,44.0,32.0,4.0
324,0.2722516910243371,15.506169750676742,1.5,53.0,49.0,5.0
325,0.002216178942546776,0.0,1.5,5.0,3.0,11.0
326,0.40650499837681764,12.079403040657313,1.5,37.0,25.0,17.0
327,0.09876137264728868,12.995036955733433,1.5,37.0,35.0,4.0
328,1.0834073960315322,26.687353414102084,1.5,86.0,68.0,19.0
329,2.2837013153383623,33.845851691310344,1.5,121.0,90.0,16.0
330,0.14248358012872586,11.525938529174747,1.5,38.0,29.0,16.0
331,0.26774444681819887,14.074498469526322,1.5,49.0,33.0,7.0
332,1.8421814499360494,29.60031472977053,1.5,123.0,86.0,7.0
333,0.004920069305967445,0.0,1.5,7.0,5.0,15.0
334,1.335917228187384,26.512164015532566,1.5,90.0,60.0,18.0
335,0.278197360808349,17.027538392433325,1.5,58.0,45.0,7.0
336,0.09661171708637539,9.96763315491601,1.5,34.0,25.0,5.0
337,0.9932769569848006,28.28417711582061,1.5,85.0,78.0,10.0
338,0.44679802056828066,17.91921861204999,1.5,65.0,47.0,17.0
339,1.2263038012600873,28.737572851486686,1.5,96.0,85.0,2.0
340,0.014942672050381134,1.134048795690132,1.5,7.0,5.0,3.0
341,0.004279544174210059,1.0778428592426312,1.5,4.0,3.0,3.0
342,0.4576645199255154,17.9693507084797,1.5,66.0,57.0,8.0
343,0.25581585415642394,18.95675482968615,1.5,55.0,47.0,2.0
344,0.5082317933106992,21.15272338909517,1.5,72.0,50.0,12.0
345,0.035444418004033196,3.697774531039471,1.5,16.0,13.0,6.0
346,0.9945063090775079,22.84812693017872,1.5,87.0,66.0,17.0
347,0.011400206944756519,4.168670605687775,1.5,15.0,14.0,2.0
348,0.09822462399085907,7.663204148900666,1.5,25.0,18.0,10.0
349,0.6614442644300311,19.21881166031867,1.5,81.0,59.0,4.0
350,1.4952867233775464,24.563799941776715,1.5,88.0,62.0,18.0
351,0.5989385149092072,19.031117207747034,1.5,80.0,62.0,3.0
352,0.952322502313109,27.927758756195352,1.5,86.0,82.0,2.0
353,1.9750651358939422,31.10915779840958,1.5,126.0,85.0,13.0
354,1.4172852074046887,31.540693762709356,1.5,93.0,89.0,12.0
355,0.020836263529872667,4.130988449182736,1.5,14.0,12.0,10.0
356,0.3591711414728138,14.950527195785456,1.5,41.0,37.0,12.0
357,0.538695320631291,18.365441668428918,1.5,77.0,54.0,4.0
358,0.4360717905129263,22.96109489066426,1.5,63.0,60.0,2.0
359,2.4883884387684247,30.890111688431872,1.5,123.0,84.0,19.0
360,0.03738804114874483,4.303615721410119,1.5,18.0,15.0,13.0
361,1.6358110948836497,30.176977939015636,1.5,106.0,91.0,7.0
362,1.4069087002699803,30.830498682799902,1.5,111.0,81.0,6.0
363,0.6106964275803648,22.168764299685936,1.5,69.0,66.0,13.0
364,0.0087924903845078,3.1728608242854315,1.5,13.0,11.0,8.0
365,0.6146965735516687,25.519408870726107,1.5,69.0,67.0,6.0
366,0.015161248875756428,4.6114254427248165,1.5,19.0,13.0,7.0
367,0.7340494036844234,25.070323576745338,1.5,81.0,69.0,2.0
368,0.8440038104592986,23.481824801847637,1.5,80.0,64.0,14.0
369,0.07070713214278612,9.977747982090387,1.5,36.0,28.0,2.0
370,0.15908629565115007,13.609060886338987,1.5,46.0,32.0,10.0
371,0.0986211033454083,12.797992483082403,1.5,42.0,32.0,2.0
372,0.720544777078203,24.021926858342788,1.5,91.0,61.0,3.0
373,1.0475839848189707,27.953229343823494,1.5,90.0,80.0,3.0
374,2.7430650324976114,34.32733757410494,1.5,117.0,98.0,17.0
375,1.2218376114836929,30.831036025129038,1.5,88.0,83.0,16.0
376,0.03310697644008087,2.9931628775908554,1.5,17.0,11.0,9.0
377,0.9327551247712336,25.222014827239324,1.5,97.0,66.0,6.0
378,0.0966618947227289,5.064580413701525,1.5,22.0,16.0,18.0
379,1.3501562729267675,27.310869692444523,1.5,114.0,80.0,2.0
380,0.6348322508395086,23.580208782687468,1.5,86.0,60.0,2.0
381,0.10217079098958948,11.591734724192522,1.5,41.0,32.0,5.0
382,0.6061690362928971,21.949910062474867,1.5,65.0,56.0,11.0
383,1.9069904289959823,31.963221128674185,1.5,110.0,84.0,16.0
384,0.9908307972086163,25.24575887256752,1.5,82.0,71.0,15.0
385,0.3402138783739588,15.806343454973062,1.5,53.0,47.0,8.0
386,0.5482058834039094,22.44591100885054,1.5,71.0,60.0,4.0
387,1.0466427740022368,28.903495286683434,1.5,102.0,74.0,2.0
388,2.714339095905416,33.76655420080907,1.5,131.0,95.0,14.0
389,0.2496599704863911,8.143443598154901,1.5,42.0,29.0,14.0
390,0.011132973017367931,2.8514331876052985,1.5,9.0,7.0,9.0
391,1.1074154943979693,29.64394363335212,1.5,92.0,78.0,8.0
392,2.0237108338839107,30.702253877699786,1.5,125.0,90.0,11.0
393,0.20253138573144724,11.521637346134177,1.5,41.0,27.0,13.0
394,0.16874435026426227,15.310064640499647,1.5,46.0,41.0,5.0
395,0.1716056159418713,16.20864196816962,1.5,46.0,40.0,8.0
396,0.04688986084829594,7.114695252763739,1.5,25.0,21.0,17.0
397,0.5561252068877138,23.54807820578289,1.5,77.0,54.0,5.0
398,1.434112962023903,33.14999671558099,1.5,97.0,96.0,2.0
399,0.6052046373259259,21.85151042892995,1.5,65.0,61.0,9.0
400,1.2037816451726258,25.616846432266275,1.5,83.0,73.0,18.0
401,0.003211748865453501,0.2891182823532735,1.5,4.0,3.0,4.0
402,0.02494968931682706,2.4262882466221494,1.5,12.0,8.0,12.0
403,0.29471682707037417,14.534819248861131,1.5,52.0,41.0,12.0
404,0.8385443315616499,22.50407242352932,1.5,85.0,67.0,6.0
405,1.1204107419675893,25.60094678186368,1.5,86.0,77.0,7.0
406,0.08017207888229905,7.845057804947031,1.5,36.0,29.0,5.0
407,0.3166535773993928,14.816321452490344,1.5,52.0,44.0,14.0
408,1.4837823598238629,29.57659005770995,1.5,105.0,72.0,17.0
409,2.40671255132753,33.92802997681313,1.5,117.0,92.0,8.0
410,0.12783056988871522,5.484809799833115,1.5,23.0,16.0,13.0
411,0.06299992321299897,8.690972765304926,1.5,28.0,20.0,7.0
412,0.002379636394607587,0.0,1.5,5.0,3.0,8.0
413,1.8200128181052833,30.555948681172865,1.5,92.0,89.0,12.0
414,0.1600237051318345,13.484689892138427,1.5,48.0,37.0,7.0
415,1.4524559292099752,26.441492896678433,1.5,89.0,83.0,15.0
416,0.2561347862546768,11.97023678158687,1.5,32.0,29.0,10.0
417,2.1221369286877234,38.296288767038945,1.5,127.0,94.0,6.0
418,1.6054023068027732,22.2079632773072,1.5,95.0,64.0,13.0
419,0.004945158124201043,2.103638720713832,1.5,11.0,7.0,2.0
420,0.5360598543176138,19.025011878680598,1.5,71.0,49.0,11.0
421,1.9833596512502254,29.78573558425588,1.5,116.0,83.0,17.0
422,0.30827543264905444,8.628158633494825,1.5,39.0,29.0,17.0
423,0.7020508968492436,22.825042011190842,1.5,73.0,69.0,10.0
424,1.0666936814951669,23.435831265714604,1.5,80.0,60.0,19.0
425,0.15872136738619247,11.897667120652974,1.5,40.0,37.0,11.0
426,0.21151888465755064,5.652779142914561,1.5,23.0,16.0,9.0
427,1.808064838629491,22.13501832420011,1.5,82.0,61.0,16.0
428,1.635599740596831,35.32737925910221,1.5,98.0,92.0,16.0
429,0.0635708838942719,10.605873422548806,1.5,28.0,27.0,15.0
430,2.008403233568572,35.099043026534005,1.5,124.0,85.0,14.0
431,2.064706342985403,34.946231530035234,1.5,109.0,96.0,16.0
432,0.006133455787050934,2.1629093682242857,1.5,10.0,8.0,12.0
433,0.009291225679987747,0.0,1.5,11.0,10.0,19.0
434,1.1983700631097918,30.479987720724342,1.5,89.0,86.0,8.0
435,0.003046010611797101,0.0,1.5,6.0,4.0,8.0
436,1.7106734675103894,33.81807040471102,1.5,94.0,93.0,13.0
437,0.0026259629734681766,0.0,1.5,5.0,3.0,15.0
438,0.2590937462699685,15.322507614310295,1.5,50.0,49.0,7.0
439,0.4636892575002207,19.488657006420855,1.5,74.0,51.0,7.0
440,1.779617159839347,34.14716405685264,1.5,108.0,97.0,5.0
441,0.01276032499907842,0.0,1.5,14.0,11.0,17.0
442,0.6462149716381873,19.82837309561169,1.5,76.0,65.0,9.0
443,1.4049373273717833,27.996954549588406,1.5,83.0,80.0,12.0
444,1.5060616105348572,28.82308241585582,1.5,105.0,82.0,17.0
445,0.05188481647530807,5.523820661049628,1.5,20.0,16.0,12.0
446,1.3913285441567496,31.701517285814464,1.5,97.0,88.0,7.0
447,0.0032623066355199626,1.5428723461687615,1.5,6.0,5.0,2.0
448,0.034629411545608946,6.889534627062702,1.5,20.0,14.0,7.0
449,0.1391068532768145,14.608822495528901,1.5,43.0,35.0,15.0
450,0.3652171665296464,12.675173625034851,1.5,56.0,38.0,11.0
451,0.2045951310967098,10.72861489928515,1.5,36.0,30.0,14.0
452,0.6578805118422792,23.97318632377872,1.5,70.0,69.0,7.0
453,1.7342189432741861,26.091830189109164,1.5,101.0,84.0,19.0
454,1.4146630457673268,32.26542431682679,1.5,117.0,80.0,4.0
455,1.6457052124681013,30.341519141218804,1.5,91.0,88.0,12.0
456,1.6664764731507944,23.26650272772701,1.5,91.0,62.0,19.0
457,0.9305305828892756,24.29755832197193,1.5,86.0,75.0,8.0
458,0.0054469344885319515,3.261206190735703,1.5,10.0,7.0,13.0
459,0.09230784436113026,8.760960803406538,1.5,28.0,27.0,11.0
460,0.08287901031451383,10.403616282680337,1.5,33.0,26.0,11.0
461,0.48932926945161626,19.52540435478889,1.5,63.0,45.0,18.0
462,0.39945542059120953,17.8132595314961,1.5,71.0,50.0,6.0
463,1.0212152567384578,24.814996629969382,1.5,82.0,80.0,11.0
464,0.05416751879954518,8.129731141593675,1.5,24.0,23.0,7.0
465,0.0020842725801344386,0.0,1.5,5.0,3.0,7.0
466,0.07339771782989146,9.925414845813657,1.5,33.0,28.0,13.0
467,0.06079514827871435,10.002600275447646,1.5,35.0,26.0,5.0
468,1.2816071592843628,31.07500652104593,1.5,101.0,77.0,16.0
469,0.03072619964467549,3.9380393397844844,1.5,15.0,11.0,10.0
470,0.22951060838863668,16.0009820414646,1.5,54.0,44.0,3.0
471,0.2960887292665575,8.07335130642198,1.5,24.0,17.0,17.0
472,0.6203328145776936,18.908111691264075,1.5,63.0,57.0,17.0
473,0.29852082409922787,14.627000681795359,1.5,58.0,48.0,4.0
474,0.09010382969410102,6.5162941334119,1.5,24.0,17.0,17.0
475,0.6638037537433661,23.598767569332733,1.5,81.0,58.0,8.0
476,0.1675054948313459,9.650560295208502,1.5,33.0,29.0,16.0
477,0.6528821350128169,21.647837837380667,1.5,75.0,61.0,19.0
478,1.4957022094125705,29.464749757386887,1.5,109.0,78.0,11.0
479,1.756935347635988,33.8639289013727,1.5,118.0,90.0,4.0
480,0.33065579890023855,8.747394505353087,1.5,37.0,27.0,12.0
481,3.457468370983065,38.43433369711944,1.5,141.0,97.0,19.0
482,0.033519041272654704,6.953552880562839,1.5,22.0,21.0,11.0
483,0.16354678342344187,11.323074047843487,1.5,47.0,40.0,3.0
484,0.6663327826464069,16.708029435375323,1.5,50.0,49.0,18.0
485,0.22690365209564334,12.25659153030967,1.5,41.0,36.0,17.0
486,1.6160000516981654,28.32157652915237,1.5,110.0,79.0,11.0
487,2.1228299122575436,33.04508455281639,1.5,109.0,93.0,17.0
488,0.40681480726846075,17.507505335027084,1.5,69.0,52.0,3.0
489,0.2309334484884289,13.21130996147429,1.5,48.0,36.0,11.0
490,2.204359448258856,32.61313693390113,1.5,131.0,90.0,13.0
491,0.08975372663985581,7.020637738782532,1.5,26.0,19.0,16.0
492,1.2231962090035609,27.808268022573873,1.5,92.0,74.0,6.0
493,0.05454765240887127,6.63985439754533,1.5,27.0,21.0,10.0
494,1.5064611309583142,32.16577253372049,1.5,89.0,86.0,7.0
495,1.2078323489139962,25.425387878882322,1.5,88.0,85.0,10.0
496,0.09384168347486366,12.277652093701802,1.5,43.0,29.0,3.0
497,1.6047857300883948,28.921299729741996,1.5,97.0,83.0,19.0
498,0.5873296146129405,22.11697276111078,1.5,79.0,54.0,9.0
499,0.0608970240860458,4.975250387738851,1.5,18.0,15.0,13.0
500,2.028636605193981,34.68653476492806,1.5,113.0,96.0,14.0
501,0.013364357304340047,6.360162840791341,1.5,16.0,14.0,4.0
502,1.5238480621168833,34.81057112554542,1.5,117.0,82.0,4.0
503,2.1468022780646834,35.7504027530395,1.5,131.0,93.0,5.0
504,0.7940949284854355,26.073843487396218,1.5,78.0,73.0,10.0
505,0.3231036844829873,19.70473663019847,1.5,56.0,51.0,10.0
506,0.0296869143566596,3.469503359260019,1.5,19.0,13.0,5.0
507,0.6415157599593044,20.82312160361151,1.5,76.0,58.0,15.0
508,0.3762509246750483,10.967075549941713,1.5,42.0,29.0,19.0
509,0.17046787604908786,10.595866412170981,1.5,36.0,25.0,8.0
510,0.005950991654572135,3.202402212083474,1.5,10.0,8.0,2.0
511,0.2070226643260753,5.174351022436367,1.5,20.0,15.0,6.0
512,1.3209547891892726,30.14548166100554,1.5,107.0,82.0,5.0
513,1.7083736591737306,30.359012609762345,1.5,103.0,79.0,15.0
514,1.0887307870970062,29.218870496415104,1.5,101.0,72.0,8.0
515,1.9109719484204106,23.728277319741355,1.5,95.0,66.0,17.0
516,0.08628158625197102,5.8332701019136515,1.5,25.0,21.0,19.0
517,0.0068545692440125094,2.631181020448791,1.5,14.0,9.0,3.0
518,0.14951529163471378,7.592279808012214,1.5,28.0,25.0,14.0
519,1.6803806201803582,23.71176255077132,1.5,96.0,71.0,13.0
520,0.5160929563522814,19.181004773196378,1.5,62.0,47.0,13.0
521,1.4830699894399118,30.634198504395883,1.5,109.0,87.0,5.0
522,0.9416190802743358,25.491153472281425,1.5,84.0,82.0,2.0
523,0.5039940638335452,22.64026509095461,1.5,66.0,62.0,2.0
524,0.39822264729605195,15.312961654056734,1.5,58.0,46.0,17.0
525,0.27713792843911733,14.590359178722428,1.5,53.0,39.0,8.0
526,1.4047978183371583,29.75798289497832,1.5,92.0,79.0,19.0
527,0.1038198105870265,12.55887038975609,1.5,40.0,34.0,3.0
528,0.5918885569899999,14.122830346998631,1.5,56.0,45.0,16.0
529,0.0033402340254156115,1.2327639104721533,1.5,4.0,3.0,18.0
530,0.06935575716153153,4.395408289034168,1.5,15.0,10.0,11.0
531,0.13637977476327023,10.692130265185968,1.5,38.0,33.0,10.0
532,0.07745526397621916,9.549316716956891,1.5,31.0,26.0,10.0
533,1.1975478341126973,29.71033916124196,1.5,104.0,78.0,4.0
534,5.974061203031624,17.023524757493835,1.5,57.0,39.0,17.0
535,0.2910143257151958,13.608988488998442,1.5,46.0,43.0,17.0
536,1.3997811950944197,33.12153670852631,1.5,116.0,78.0,6.0
537,0.13771176293045073,11.418006908869554,1.5,47.0,33.0,8.0
538,1.0712108091751702,27.259873296732028,1.5,92.0,77.0,8.0
539,2.1210797771200873,32.03534290234515,1.5,124.0,83.0,14.0
540,3.2470001756217357,33.159576782258895,1.5,123.0,99.0,19.0
541,0.5138456064537422,23.447657650296268,1.5,72.0,54.0,5.0
542,0.7030567303795578,26.64755159868042,1.5,74.0,72.0,6.0
543,1.2329698242338054,27.22279546864025,1.5,91.0,80.0,17.0
544,0.0033425148271248872,0.965496411448827,1.5,4.0,3.0,3.0
545,2.302795806670133,34.936604597716986,1.5,127.0,93.0,12.0
546,0.004074272025150094,0.0,1.5,6.0,5.0,13.0
547,0.10270069724106179,12.416667791216526,1.5,37.0,36.0,2.0
548,0.2464132493288389,14.964961539663838,1.5,54.0,45.0,6.0
549,0.44953498255569,16.294208028392283,1.5,57.0,45.0,17.0
550,0.04127186623554735,4.535267245942389,1.5,14.0,10.0,18.0
551,1.6393045227536618,28.656939448037825,1.5,111.0,77.0,12.0
552,0.48814097178876636,19.076424369265307,1.5,73.0,54.0,9.0
553,0.16622824590388063,8.383771587074738,1.5,29.0,21.0,13.0
554,1.438122611335416,29.970974449193278,1.5,97.0,80.0,15.0
555,0.29241891940176856,18.80348947666642,1.5,54.0,52.0,3.0
556,0.17327440248698167,4.012175022074712,1.5,18.0,14.0,12.0
557,1.5245794391813092,28.911647958881343,1.5,110.0,77.0,13.0
558,0.8596858423798608,29.148131010583086,1.5,90.0,68.0,6.0
559,0.03204298246748749,8.47295336818832,1.5,22.0,20.0,18.0
560,0.004163983556907169,1.6964812036147197,1.5,9.0,7.0,8.0
561,0.088252579016455,4.602660128283426,1.5,21.0,16.0,17.0
562,0.4816060949102621,17.494727615162077,1.5,73.0,49.0,9.0
563,0.0075897476445447865,0.0,1.5,12.0,8.0,13.0
564,0.6840785599322317,22.452611071821256,1.5,86.0,60.0,8.0
565,0.26464977910433163,6.056270908926241,1.5,22.0,21.0,17.0
566,0.40526690321115666,16.754660729072896,1.5,58.0,47.0,9.0
567,0.5477352779954572,20.36377852919437,1.5,69.0,61.0,7.0
568,0.015458513358282744,3.4604478802972354,1.5,15.0,11.0,6.0
569,0.8291033332395159,23.946722790061585,1.5,77.0,76.0,6.0
570,0.10484160972896461,6.284695983083132,1.5,21.0,17.0,15.0
571,0.5152422173345599,10.398582657942466,1.5,48.0,33.0,15.0
572,0.6397648645545928,22.368062372907797,1.5,78.0,62.0,5.0
573,0.948333380216468,24.927227305759335,1.5,92.0,76.0,3.0
574,1.0356265020029127,14.00589356474346,1.5,61.0,41.0,12.0
575,0.6591657435755565,19.545125861202656,1.5,70.0,66.0,18.0
576,0.35958016523647984,18.96118782930491,1.5,55.0,53.0,6.0
577,0.9138852924025969,25.163860099034927,1.5,82.0,77.0,7.0
578,0.3635825920094362,19.10239976402328,1.5,58.0,57.0,2.0
579,0.3590377145759476,17.336069616166487,1.5,58.0,53.0,10.0
580,0.16492058628767836,14.849921181286682,1.5,44.0,43.0,2.0
581,0.19233658246196228,11.584719626244315,1.5,42.0,28.0,11.0
582,0.1449898010152424,10.948744905023393,1.5,36.0,29.0,16.0
583,3.1052441712213295,32.67272450458272,1.5,125.0,98.0,18.0
584,0.027852009424293556,4.282968766467945,1.5,17.0,16.0,8.0
585,1.7620534665524588,28.481544729821337,1.5,91.0,70.0,12.0
586,0.8907248919850304,22.570136072431183,1.5,72.0,71.0,18.0
587,0.05270856600679963,4.461333022400841,1.5,22.0,15.0,18.0
588,2.5735037751068717,37.94367683479888,1.5,146.0,97.0,2.0
589,0.7567011853326449,25.274537788765326,1.5,79.0,70.0,8.0
590,0.6552663330107293,15.115890656454415,1.5,64.0,44.0,15.0
591,0.019561675537715928,5.723279561307362,1.5,20.0,16.0,5.0
592,0.028000641665528292,0.0,1.5,20.0,16.0,19.0
593,0.7236151162410351,11.032507573133026,1.5,55.0,37.0,9.0
594,0.674431529193896,22.211627508907593,1.5,72.0,64.0,11.0
595,1.3710073616674663,31.271254084070588,1.5,97.0,78.0,15.0
596,0.23828903382963063,11.482317096642568,1.5,38.0,31.0,16.0
597,1.052393055110997,27.332548603130448,1.5,85.0,81.0,10.0
598,0.9315516217640152,14.50026244810185,1.5,51.0,44.0,17.0
599,0.1654470713366436,12.947158376054489,1.5,39.0,35.0,9.0
600,2.195471924471974,34.091803155434334,1.5,112.0,96.0,13.0
601,0.08699927850642553,11.90614062293758,1.5,39.0,27.0,12.0
602,0.02052341356937859,5.914967412597472,1.5,18.0,17.0,11.0
603,0.713322618634038,25.122198759949878,1.5,80.0,68.0,6.0
604,0.09293468468297306,9.504595655771812,1.5,37.0,33.0,4.0
605,0.06659940836004807,7.394097855962865,1.5,28.0,27.0,8.0
606,2.3517045571177277,29.280482543187624,1.5,130.0,95.0,9.0
607,0.5348977858737953,22.243608393036215,1.5,72.0,51.0,8.0
608,0.4765898518011227,19.36089696602081,1.5,65.0,46.0,9.0
609,0.9951038791114115,23.37841192220463,1.5,90.0,67.0,13.0
610,3.629280019341195,38.18284681994815,1.5,143.0,96.0,14.0
611,1.5560689471134879,25.37679167225508,1.5,110.0,78.0,10.0
612,0.9333355887927723,22.347814900886764,1.5,76.0,68.0,16.0
613,0.002758249469536622,0.0,1.5,5.0,4.0,18.0
614,0.04910071792033932,7.617584382103775,1.5,33.0,23.0,5.0
615,1.20627304084843,27.00545141690622,1.5,91.0,81.0,15.0
616,0.010296679076816417,0.0,1.5,13.0,10.0,12.0
617,0.42510151468036383,18.343417453502006,1.5,62.0,57.0,7.0
618,1.5755473733908048,32.380016693458806,1.5,107.0,93.0,2.0
619,0.36343852137150634,18.658545143597966,1.5,63.0,52.0,3.0
620,0.10271704298628492,11.8533308581053,1.5,41.0,31.0,11.0
621,0.21014280099171856,9.332552820587356,1.5,33.0,31.0,14.0
622,0.047086009790746175,3.5194618755472105,1.5,16.0,11.0,18.0
623,1.2249725733601053,27.69335947493073,1.5,92.0,85.0,7.0
624,1.4047434592310992,23.69985379619631,1.5,88.0,71.0,14.0
625,0.20790837563589548,15.29517008041748,1.5,55.0,39.0,6.0
626,0.0029331109298595948,1.5189224038987588,1.5,6.0,4.0,10.0
627,0.06617289845030427,9.280135433788399,1.5,31.0,30.0,6.0
628,1.3864921042448373,30.415228140542855,1.5,97.0,81.0,15.0
629,0.29874396252796487,15.98664035609465,1.5,58.0,49.0,4.0
630,1.0201546839683147,24.721781322647473,1.5,95.0,66.0,11.0
631,0.5871098973867106,22.58186257707566,1.5,68.0,66.0,7.0
632,0.06914212207306036,10.398333880303037,1.5,31.0,30.0,8.0
633,1.5338459561766626,33.79067423997069,1.5,113.0,81.0,9.0
634,0.013512989545574783,2.604895061879213,1.5,8.0,7.0,8.0
635,0.04769308316485876,7.776850797512465,1.5,34.0,23.0,2.0
636,0.9243659561462891,28.450852084944323,1.5,101.0,69.0,3.0
637,0.3020245155767043,16.118713346601034,1.5,50.0,42.0,19.0
638,2.2633854547196393,30.553416324075425,1.5,119.0,89.0,17.0
639,1.4446650908861898,29.63133501767627,1.5,111.0,83.0,6.0
640,0.07626164444280903,5.947641254795064,1.5,30.0,21.0,6.0
641,0.18023502900803123,13.386155246006318,1.5,53.0,38.0,4.0
642,0.10774126890117941,13.101200027513391,1.5,39.0,35.0,4.0
643,0.4484508415017672,17.276194215857835,1.5,61.0,46.0,15.0
644,0.8455528549174005,27.361745353125492,1.5,87.0,71.0,2.0
645,0.8841854535031644,27.05912886426974,1.5,80.0,72.0,17.0
646,1.2714325030961504,32.89640973223532,1.5,105.0,80.0,6.0
647,0.6757791028391011,23.142456572692247,1.5,83.0,62.0,3.0
648,0.034869655986653925,3.7114303142466656,1.5,14.0,9.0,11.0
649,0.3121725624122291,13.015421770591708,1.5,50.0,40.0,17.0
650,0.2567521232363106,14.568369015135557,1.5,54.0,45.0,11.0
651,0.48313499228709134,19.48802122404313,1.5,71.0,56.0,4.0
652,0.12150552676257576,5.109748530306645,1.5,19.0,15.0,16.0
653,0.009658054613055356,3.8730902425823714,1.5,14.0,11.0,13.0
654,0.1362406458622445,7.954006550979177,1.5,31.0,24.0,19.0
655,0.11890237180568874,7.09143202646045,1.5,32.0,24.0,14.0
656,0.8383504634209658,24.464955245312105,1.5,94.0,68.0,2.0
657,0.005076304219414851,1.5645129572101613,1.5,9.0,6.0,2.0
658,0.005217713922093026,1.3703228204867384,1.5,7.0,5.0,9.0
659,0.0202462961681249,5.42975427170409,1.5,19.0,18.0,6.0
660,2.2818359997171456,29.493031971256702,1.5,105.0,89.0,16.0
661,0.35104920677520113,15.891156467265596,1.5,52.0,42.0,11.0
662,1.2021223619677812,27.20148407594717,1.5,86.0,71.0,17.0
663,1.1928265746845454,27.85203725357309,1.5,97.0,79.0,9.0
664,0.39364963997547875,15.497714393120612,1.5,58.0,49.0,14.0
665,1.0704022649880471,27.60199726182079,1.5,90.0,75.0,12.0
666,1.478024095909177,32.40593025190892,1.5,96.0,93.0,11.0
667,0.24770836453592437,12.62819187401469,1.5,51.0,45.0,12.0
668,0.06748702033792142,5.245134367569072,1.5,20.0,17.0,5.0
669,0.0020888341833824597,0.0,1.5,4.0,3.0,12.0
670,1.7061859902518108,31.89516659825582,1.5,109.0,84.0,9.0
671,0.3762748730923704,15.000658701069439,1.5,55.0,50.0,10.0
672,0.29063115103690507,14.27342794310469,1.5,53.0,38.0,11.0
673,1.3300088114970094,28.495935205397544,1.5,108.0,74.0,9.0
674,0.05718958099396332,4.556899789504373,1.5,21.0,19.0,9.0
675,0.18406943672562193,5.738078194605806,1.5,27.0,18.0,12.0
676,2.2088761958053738,30.638428164867353,1.5,112.0,93.0,18.0
677,0.2884868173466657,13.114700620330558,1.5,46.0,40.0,18.0
678,2.711059683257531,30.853290685395233,1.5,126.0,95.0,14.0
679,0.8848058315536491,22.813344109617343,1.5,83.0,58.0,15.0
680,1.5857684058792074,31.68588559085176,1.5,99.0,91.0,11.0
681,0.0388709423588125,8.26167415343575,1.5,28.0,21.0,2.0
682,1.427162599110261,29.561546203482095,1.5,95.0,78.0,18.0
683,0.5390039891220795,19.70154215942716,1.5,75.0,57.0,9.0
684,0.20419713120770666,11.587907246242645,1.5,42.0,33.0,10.0
685,2.5747114595837957,33.20566585309612,1.5,126.0,91.0,18.0
686,0.8767705673189994,24.219799135676958,1.5,90.0,66.0,13.0
687,0.20706637969112762,14.308589281541131,1.5,56.0,37.0,12.0
688,1.7035630683471936,34.51779577629739,1.5,100.0,96.0,10.0
689,1.1341301440630787,29.372580063712338,1.5,94.0,84.0,4.0
690,1.5252469537994102,27.669794509316876,1.5,95.0,80.0,17.0
691,2.3642554284980406,37.12273994538296,1.5,134.0,91.0,6.0
692,0.05445642034260345,3.0291524512399772,1.5,14.0,9.0,7.0
693,0.387837016954677,17.40052542886799,1.5,51.0,50.0,19.0
694,1.208414713603588,26.476656668739164,1.5,96.0,78.0,14.0
695,0.9949563872710314,9.875406929643333,1.5,40.0,27.0,19.0
696,0.874999144699359,15.473525683750918,1.5,59.0,43.0,15.0
697,0.13830515149459188,8.51743139609078,1.5,37.0,25.0,8.0
698,0.2562507270055221,13.079205921664737,1.5,52.0,38.0,11.0
699,0.6022776085338819,21.119248739153257,1.5,72.0,54.0,12.0
700,0.5922941595512157,22.23466886443745,1.5,69.0,65.0,6.0
701,0.6825918573861145,19.137960178351243,1.5,64.0,58.0,17.0
702,0.34488572043301247,8.153474146182422,1.5,32.0,22.0,19.0
703,1.7800029954529464,34.2126778753233,1.5,122.0,90.0,2.0
704,0.04600490980567429,3.31153291410639,1.5,13.0,12.0,19.0
705,0.6151736412314222,20.61872916749434,1.5,83.0,56.0,12.0
706,0.6747930362563466,24.584153010179723,1.5,76.0,66.0,10.0
707,0.017847653093099325,3.338819942901922,1.5,13.0,12.0,16.0
708,0.9920901798564046,27.256835795571174,1.5,94.0,77.0,2.0
709,1.9201692810989925,31.235614026205262,1.5,118.0,84.0,12.0
710,0.381196843066391,18.180522216280455,1.5,66.0,48.0,14.0
711,0.05761609090359343,7.239005256460382,1.5,31.0,21.0,6.0
712,0.14032974309805013,11.81465183178491,1.5,36.0,30.0,12.0
713,1.2752395411939688,31.297068507546435,1.5,96.0,90.0,3.0
714,0.5199661376980202,18.628691367460938,1.5,75.0,54.0,3.0
715,0.5345777133746878,9.382247780328516,1.5,41.0,32.0,17.0
716,0.05575229581700114,7.527619831454486,1.5,31.0,27.0,7.0
717,0.025315377849096876,7.8608509507584525,1.5,23.0,18.0,6.0
718,0.7362853495747004,28.377268717524196,1.5,81.0,71.0,3.0
719,1.6735758484392136,22.526459712736045,1.5,89.0,59.0,15.0
720,0.0344902826445832,6.045837092801872,1.5,27.0,19.0,3.0
721,0.022418379612076933,0.0,1.5,20.0,14.0,19.0
722,0.8134672974857722,24.68122634826172,1.5,91.0,67.0,5.0
723,0.13250469274942134,12.132564316048905,1.5,41.0,38.0,5.0
724,0.6536454433004337,21.10314282227082,1.5,70.0,66.0,8.0
725,0.701684067916176,23.6860438699408,1.5,72.0,63.0,13.0
726,1.8173176708149867,34.757480981570254,1.5,119.0,90.0,7.0
727,2.3264325145001976,31.336369898183605,1.5,116.0,86.0,13.0
728,0.20824251307851682,11.508627890138905,1.5,48.0,36.0,15.0
729,1.3514160357083256,23.999438066293227,1.5,83.0,65.0,16.0
730,0.8246759170913265,26.015842046557612,1.5,88.0,64.0,13.0
731,1.110482032224695,26.137410573589328,1.5,96.0,67.0,10.0
732,1.4786600594377433,30.274994165779376,1.5,115.0,79.0,10.0
733,0.13656832103345096,9.950200836850671,1.5,35.0,27.0,17.0
734,1.7527135837705146,24.575849644495356,1.5,84.0,73.0,16.0
735,1.3681282297101234,28.26782557754142,1.5,91.0,82.0,18.0
736,0.13001633814258184,11.27390744848443,1.5,45.0,35.0,3.0
737,0.4320648021366651,7.369412058648054,1.5,30.0,21.0,13.0
738,0.06679669770335295,6.784098593577787,1.5,26.0,21.0,10.0
739,1.4719476601635506,30.620970551208586,1.5,98.0,91.0,9.0
740,0.08996964252992257,7.819012146967833,1.5,27.0,24.0,13.0
741,2.9278403773357695,37.16174473301155,1.5,127.0,99.0,15.0
742,0.8290117210397057,27.48785994878194,1.5,90.0,68.0,6.0
743,0.24697128546745262,17.254093725942173,1.5,54.0,45.0,7.0
744,2.129987067854586,20.394361551787295,1.5,78.0,56.0,19.0
745,0.2146884386925194,6.825684474544882,1.5,26.0,17.0,16.0
746,2.2929111924258905,37.846483353114806,1.5,124.0,98.0,8.0
747,0.0050728830168509376,0.0,1.5,7.0,6.0,13.0
748,0.2159333762631377,13.434148764760597,1.5,49.0,46.0,2.0
749,0.043814960082158905,7.466673649703855,1.5,26.0,23.0,8.0
750,2.1959010953169127,30.621816048982097,1.5,121.0,87.0,16.0
751,1.0871501915493127,29.21466104880121,1.5,99.0,69.0,11.0
752,0.015374503830571484,4.945938031769808,1.5,12.0,11.0,9.0
753,0.19072139475576932,5.885410405401535,1.5,20.0,13.0,4.0
754,1.374168172629311,34.849889367040376,1.5,114.0,81.0,3.0
755,0.23329978020672115,16.105437636324112,1.5,53.0,44.0,6.0
756,0.026026987965678927,7.0805802525734,1.5,25.0,17.0,3.0
757,0.012938987795450885,4.084947399170281,1.5,12.0,10.0,6.0
758,0.88599717028535,25.30338946118711,1.5,86.0,73.0,6.0
759,1.4921175494762338,26.30482609009938,1.5,103.0,73.0,13.0
760,0.6668847366472619,19.205136919504447,1.5,69.0,50.0,17.0
761,0.13853285152663375,3.6413834904385363,1.5,21.0,14.0,16.0
762,1.5715422856825398,32.43356895220859,1.5,114.0,85.0,6.0
763,3.1666646392874327,36.30005717687481,1.5,142.0,97.0,15.0
764,0.511187332123427,18.39760098949639,1.5,62.0,42.0,19.0
765,1.8744327456214478,31.625405928830173,1.5,117.0,89.0,12.0
766,0.21990577248095633,14.568030550079747,1.5,44.0,42.0,14.0
767,1.4764465414303913,32.16230750865948,1.5,99.0,77.0,9.0
768,0.34190927427175666,18.45171123464015,1.5,56.0,53.0,13.0
769,0.6235825768040968,23.29150689383718,1.5,87.0,59.0,2.0
770,2.1649563188469756,33.572533072004994,1.5,125.0,83.0,15.0
771,0.19419733647976045,14.37844083564125,1.5,48.0,42.0,11.0
772,1.7058643972183063,35.88728893907173,1.5,101.0,99.0,8.0
773,0.34836546349299624,14.823052212943395,1.5,61.0,44.0,10.0
774,1.4849622945472447,25.79392097100812,1.5,89.0,74.0,15.0
775,1.8738264325145337,29.326358938143883,1.5,100.0,80.0,15.0
776,0.5798687322620708,11.398598819611335,1.5,43.0,37.0,19.0
777,0.7453416526841465,19.44827356284268,1.5,83.0,58.0,13.0
778,0.11015359678617642,8.00164305968113,1.5,29.0,28.0,10.0
779,1.0321140674524258,23.078871627831187,1.5,95.0,64.0,10.0
780,1.4101424968847596,30.815388234316963,1.5,95.0,89.0,10.0
781,0.8636430332534246,23.71167848714268,1.5,80.0,64.0,18.0
782,1.0801097369703712,28.387089300841478,1.5,107.0,73.0,2.0
783,0.1425668293892386,12.79499012644898,1.5,38.0,37.0,19.0
784,0.011722940379172542,2.8443390797573054,1.5,9.0,6.0,18.0
785,0.5196129935749241,7.433126773217779,1.5,29.0,26.0,17.0
786,0.19283683829189613,15.554266165230667,1.5,46.0,44.0,7.0
787,0.7903418693601907,21.231440497813875,1.5,63.0,59.0,15.0
788,0.5673425695664491,20.27411565862387,1.5,74.0,52.0,17.0
789,1.1542449140024473,30.14810168010787,1.5,101.0,80.0,3.0
790,0.6000154334245735,19.152929962470342,1.5,72.0,51.0,14.0
791,0.7403303513118544,24.819336841409914,1.5,75.0,72.0,5.0
792,0.11147228027709843,9.292439756419821,1.5,33.0,26.0,14.0
793,1.3658139762964083,29.95308631663607,1.5,107.0,85.0,4.0
794,1.2204079289789433,26.156205701102643,1.5,87.0,67.0,16.0
795,0.7881963952690967,23.13845376941086,1.5,79.0,66.0,13.0
796,2.108024848573791,32.84033672756238,1.5,131.0,90.0,7.0
797,1.6664958599648116,21.472560752427878,1.5,83.0,67.0,14.0
798,0.017508954047229963,4.493842128967539,1.5,18.0,15.0,10.0
799,0.4215917410651855,22.064038668542103,1.5,64.0,57.0,3.0
800,1.5898974171442433,33.71178759147432,1.5,113.0,82.0,10.0
801,0.8213090737132234,14.884219606099407,1.5,59.0,44.0,17.0
802,1.2608016865768832,25.10437483385032,1.5,94.0,80.0,17.0
803,0.15797972671430216,15.096932345640838,1.5,51.0,36.0,2.0
804,0.26825496625554024,12.731847949428726,1.5,42.0,41.0,19.0
805,1.147690650309869,20.314624375453395,1.5,69.0,52.0,18.0
806,1.5740766364561978,27.306306786333682,1.5,110.0,74.0,19.0
807,0.6214808180779983,18.859328891393435,1.5,74.0,52.0,12.0
808,1.1545509215579841,28.42132482465437,1.5,91.0,71.0,17.0
809,0.07385577882917005,11.800950312674871,1.5,40.0,27.0,2.0
810,0.043146305063260115,7.245837935817618,1.5,27.0,21.0,15.0
811,0.5905276786685363,21.856795024417732,1.5,67.0,66.0,3.0
812,0.1423801837870542,7.374157480266403,1.5,37.0,26.0,12.0
813,1.030123687873811,25.465738847300358,1.5,95.0,63.0,19.0
814,0.676692944035949,24.98274965985621,1.5,73.0,66.0,11.0
815,0.7788036739153767,22.85984233972496,1.5,75.0,67.0,16.0
816,1.8480377883219035,35.79362565683903,1.5,101.0,99.0,14.0
817,0.7834348416781722,20.248957017893918,1.5,76.0,51.0,18.0
818,0.0038515137299555136,0.0,1.5,6.0,5.0,19.0
819,0.02020600200557965,4.879116674913506,1.5,16.0,11.0,7.0
820,1.8720983451263464,32.78543174455555,1.5,115.0,88.0,9.0
821,1.1923780170254759,20.4508481069956,1.5,78.0,61.0,19.0
822,1.25005302863849,25.725320746590995,1.5,95.0,80.0,13.0
823,0.7799387528727948,22.62343173329992,1.5,84.0,65.0,13.0
824,0.3577448801705714,21.023511625501555,1.5,56.0,55.0,9.0
825,0.017010218751693174,0.0,1.5,15.0,13.0,16.0
826,1.105432337357911,26.220632088328866,1.5,100.0,74.0,5.0
827,0.24216221517542635,11.727199329878434,1.5,34.0,27.0,14.0
828,0.3205632515716843,9.00098688277966,1.5,36.0,24.0,18.0
829,0.012385893393911829,6.420285920401807,1.5,16.0,14.0,5.0
830,1.6543840429034162,30.06666429854255,1.5,102.0,83.0,16.0
831,1.5281325480279975,32.989437916971106,1.5,117.0,83.0,2.0
832,1.2998379870556391,27.666917002699996,1.5,108.0,76.0,9.0
833,0.818660302723174,26.084835393865212,1.5,81.0,69.0,13.0
834,1.853426182234557,36.2194687276326,1.5,113.0,92.0,9.0
835,0.141218115343122,10.16680153981604,1.5,38.0,29.0,19.0
836,0.006063891336452798,3.170416783000287,1.5,10.0,9.0,9.0
837,0.9636143711792329,27.747501843653033,1.5,79.0,77.0,17.0
838,0.4046393026221722,21.811595673577123,1.5,64.0,53.0,8.0
839,2.7004258256692992,38.348606638656186,1.5,146.0,99.0,2.0
840,0.2630026601749478,15.128435701512414,1.5,60.0,43.0,4.0
841,0.6579611001674266,23.706480122296092,1.5,71.0,70.0,9.0
842,0.377877136255961,21.21814981082011,1.5,58.0,57.0,3.0
843,0.32869621014401673,15.742988945638938,1.5,57.0,45.0,9.0
844,1.8303262230608652,30.8800789891882,1.5,101.0,82.0,18.0
845,0.9972345279919637,24.22421189953924,1.5,87.0,63.0,11.0
846,3.683248728263038,29.758345168256902,1.5,103.0,76.0,17.0
847,0.6023061185545657,20.71274820011353,1.5,73.0,67.0,5.0
848,1.0248759433965233,24.807368105692063,1.5,82.0,68.0,15.0
849,0.008815298401032123,2.8679013492921124,1.5,12.0,11.0,5.0
850,2.2383209650528215,29.65241407638675,1.5,108.0,79.0,15.0
851,0.02927941112739063,7.59357370636059,1.5,22.0,20.0,8.0
852,0.16676613496110804,10.738913166880396,1.5,42.0,32.0,17.0
853,1.2369619873993543,28.905019716998577,1.5,104.0,70.0,11.0
854,0.30372941481471116,15.059166548640677,1.5,58.0,41.0,14.0
855,2.471187773078441,35.83430795503665,1.5,129.0,95.0,17.0
856,0.5451670953307257,15.791625642669578,1.5,63.0,47.0,7.0
857,0.1583549185868378,17.126552419616612,1.5,43.0,39.0,12.0
858,0.1541711680821436,11.973118938990103,1.5,38.0,29.0,17.0
859,0.6870158523317969,22.70797616207091,1.5,70.0,63.0,18.0
860,1.6098878833932986,34.228288841049086,1.5,95.0,89.0,18.0
861,0.621067612844513,13.38355219580252,1.5,54.0,48.0,10.0
862,0.5430231417739151,16.6149465052038,1.5,55.0,50.0,16.0
863,1.8982348115715695,33.073772209981726,1.5,112.0,92.0,14.0
864,0.5900920455521828,15.074646197178687,1.5,59.0,41.0,16.0
865,0.2673532893342099,9.331884330530254,1.5,45.0,30.0,16.0
866,0.1791162957956658,15.017692782937017,1.5,52.0,37.0,8.0
867,0.17430532483558636,8.338375070994315,1.5,35.0,30.0,16.0
868,0.19045111975958662,14.716209449300615,1.5,47.0,43.0,8.0
869,0.7593716239383639,23.74648578444276,1.5,83.0,67.0,9.0
870,0.6013075075627512,22.894717563703868,1.5,80.0,58.0,3.0
871,0.4121617666177144,12.570577959731143,1.5,38.0,37.0,19.0
872,1.2753779098277391,28.988230209339672,1.5,92.0,90.0,4.0
873,0.22825464694324182,15.901935753684004,1.5,54.0,37.0,11.0
874,1.7152365913570975,33.809459883676354,1.5,116.0,87.0,8.0
875,1.1664719115475464,24.024809448891514,1.5,86.0,70.0,13.0
876,0.647489559630344,25.860048487633023,1.5,77.0,68.0,4.0
877,0.40230528226061324,17.894209741511986,1.5,61.0,48.0,17.0
878,0.7826167941508402,23.759281832076784,1.5,87.0,66.0,8.0
879,1.5772872449208535,32.23100197682457,1.5,109.0,87.0,8.0
880,1.2233691697958875,29.94921771835914,1.5,98.0,82.0,6.0
881,0.009341023182855679,5.174352964793852,1.5,13.0,12.0,5.0
882,0.4913831313430137,15.879860860993439,1.5,59.0,42.0,17.0
883,0.6476530170824617,22.415688110756758,1.5,68.0,63.0,18.0
884,0.041187856707892934,5.566230822758108,1.5,24.0,23.0,13.0
885,2.7647569767822233,32.96218331771456,1.5,136.0,91.0,14.0
886,0.1337629349964118,15.554498389345353,1.5,42.0,37.0,7.0
887,0.0954998262789104,9.15305470314247,1.5,34.0,29.0,7.0
888,0.007643346483405367,3.3787212846348944,1.5,14.0,10.0,4.0
889,1.007843296761962,28.47638273717705,1.5,89.0,79.0,6.0
890,0.05478333524672507,5.945302558751481,1.5,19.0,18.0,17.0
891,0.6165516255654211,19.99156767090324,1.5,65.0,56.0,18.0
892,0.4419828681385525,16.685000333424465,1.5,64.0,43.0,9.0
893,0.04817737338328243,9.512331955459867,1.5,32.0,23.0,2.0
894,1.1794082384076319,28.55647828969472,1.5,93.0,86.0,2.0
895,1.7471560304014702,31.720401014903917,1.5,95.0,93.0,16.0
896,0.003821103041332208,1.680878636766793,1.5,5.0,3.0,2.0
897,0.13666677563833218,7.055195932375033,1.5,28.0,20.0,9.0
898,0.08992858810017879,5.459505621526957,1.5,25.0,17.0,6.0
899,0.99216278537574,20.98419932653494,1.5,81.0,64.0,18.0
900,0.8034990538474176,18.068854114503374,1.5,75.0,52.0,11.0
901,0.42943009609018645,21.592190649222793,1.5,74.0,50.0,2.0
902,0.7750654400008443,23.690054854424094,1.5,91.0,66.0,2.0
903,0.8017675452567801,25.34054443832116,1.5,84.0,72.0,5.0
904,0.439939649988105,21.530628511763645,1.5,60.0,58.0,15.0
905,0.4263103395580856,20.5720882308846,1.5,69.0,50.0,2.0
906,0.36716116980801417,17.33724144013361,1.5,56.0,51.0,8.0
907,0.9857666572646622,27.42322035622675,1.5,103.0,71.0,3.0
908,1.2124905061631353,27.76206897102027,1.5,93.0,85.0,6.0
909,0.36184614168189455,14.116697065297917,1.5,48.0,36.0,18.0
910,0.05103141652227805,8.21138838273222,1.5,29.0,24.0,13.0
911,1.434664916024758,32.25596830288333,1.5,110.0,84.0,4.0
912,1.9175163286391808,33.8078193141852,1.5,110.0,97.0,10.0
913,1.5892124163800645,24.420140508325925,1.5,89.0,82.0,17.0
914,0.11058846963533142,12.20437663392974,1.5,38.0,37.0,3.0
915,0.08647697492710904,9.580700744753518,1.5,34.0,33.0,7.0
916,0.6417689289431792,20.1017549802738,1.5,73.0,65.0,7.0
917,0.5636834034426101,21.718331489117656,1.5,65.0,63.0,15.0
918,2.566551131391634,38.28091185326002,1.5,128.0,97.0,15.0
919,0.062214567176056335,4.00984267498908,1.5,14.0,10.0,14.0
920,0.6059763085529539,22.8008332791136,1.5,80.0,62.0,4.0
921,0.013611444150342322,2.044292944031307,1.5,11.0,8.0,11.0
922,0.1738160928803154,8.26751957517698,1.5,38.0,30.0,11.0
923,0.006863692450679082,3.7640574467486787,1.5,11.0,10.0,6.0
924,0.2143117262855867,13.294032067188569,1.5,50.0,44.0,5.0
925,0.36353735610998683,13.146925122850705,1.5,48.0,47.0,13.0
926,0.0021405323543604027,0.0,1.5,4.0,3.0,15.0
927,0.006775121319606114,3.0135323241242444,1.5,11.0,10.0,10.0
928,0.005226837128702755,0.0,1.5,10.0,7.0,11.0
929,0.33723857261350076,17.505544467561105,1.5,55.0,53.0,13.0
930,1.9619737145211502,27.91629843175869,1.5,115.0,81.0,16.0
931,1.4469903681746246,33.48011555549841,1.5,109.0,84.0,7.0
932,2.437555451990306,30.22505277970695,1.5,118.0,83.0,19.0
933,0.9291024209188663,24.776423888286587,1.5,97.0,65.0,7.0
934,0.007879029321202324,3.9515263881929674,1.5,13.0,11.0,2.0
935,0.8204431293511334,17.455405253686227,1.5,55.0,38.0,16.0
936,1.5965577381138019,25.658724407741495,1.5,90.0,73.0,19.0
937,2.428325807954934,32.0201996156805,1.5,122.0,92.0,16.0
938,0.8336052555753213,28.33240304538029,1.5,86.0,73.0,3.0
939,0.35276094841810846,10.647470677344991,1.5,45.0,33.0,11.0
940,0.82759420281036,22.50208747248035,1.5,80.0,60.0,19.0
941,1.9058021313330755,29.22170329855503,1.5,109.0,75.0,13.0
942,0.05458452536902314,9.359547435981641,1.5,30.0,27.0,7.0
943,0.5645455464685938,10.537447362954541,1.5,43.0,30.0,18.0
944,2.5020204101338095,38.83458371906579,1.5,134.0,96.0,11.0
945,2.154397727713331,31.89600526899378,1.5,115.0,94.0,17.0
946,0.24964970687904042,15.293759575397727,1.5,50.0,46.0,16.0
947,1.7407542002862328,32.60784237875397,1.5,117.0,90.0,6.0
948,0.05308451814653381,8.47243748268019,1.5,21.0,19.0,17.0
949,0.9979571619832086,25.811283005228383,1.5,87.0,73.0,14.0
950,1.6976964663540457,33.960158375750495,1.5,124.0,83.0,5.0
951,0.3183284460822051,16.5619482359095,1.5,60.0,47.0,12.0
952,0.31135071354879074,21.160775015338434,1.5,59.0,48.0,6.0
953,1.4845635343911,29.311595488668093,1.5,95.0,91.0,8.0
954,0.20748224585986463,6.221667670025106,1.5,20.0,14.0,9.0
955,1.5407583057292413,26.132700142573213,1.5,95.0,77.0,19.0
956,0.3900980516632444,9.946448610521822,1.5,44.0,31.0,14.0
957,1.2758371112278155,29.48326085564454,1.5,92.0,74.0,11.0
958,0.13536823922879648,11.005686364423152,1.5,34.0,33.0,8.0
959,0.7494683831472457,19.17643183586568,1.5,75.0,57.0,18.0
960,1.834735012662236,29.80818289203697,1.5,108.0,77.0,11.0
961,0.16156400651709646,11.914950007705789,1.5,42.0,41.0,5.0
962,2.271945303335201,35.978895835064314,1.5,127.0,96.0,10.0
963,0.8958122200790513,23.592810490243995,1.5,84.0,60.0,19.0
964,0.1724445708177882,12.179413795896208,1.5,51.0,38.0,3.0
965,0.860720566064515,26.25337947996057,1.5,87.0,69.0,8.0
966,1.391250616766797,25.41329806679241,1.5,98.0,74.0,17.0
967,1.6972627339057453,31.011369098444494,1.5,116.0,82.0,17.0
968,1.1612876493829845,27.953270775352976,1.5,86.0,83.0,12.0
969,0.801759562451025,14.354789213316275,1.5,61.0,44.0,14.0
970,1.2078323489139393,24.84795333292848,1.5,95.0,72.0,13.0
971,0.41169230161017367,17.47759069905947,1.5,62.0,53.0,3.0
972,0.6943014930888012,20.096565189233136,1.5,67.0,64.0,13.0
973,2.0633583892066554,29.32949987084141,1.5,118.0,87.0,14.0
974,0.004530812489974778,0.0,1.5,7.0,5.0,11.0
975,0.8533493952454592,8.786741994679948,1.5,39.0,31.0,15.0
976,0.47742234440568154,21.988781273324555,1.5,61.0,60.0,8.0
977,1.8075824490791774,27.178122063520156,1.5,108.0,81.0,10.0
978,0.33099867941587036,15.02004335678533,1.5,53.0,43.0,19.0
979,0.5031570096257383,19.58393335545501,1.5,56.0,53.0,18.0
980,0.27085546027717555,18.127973168973817,1.5,58.0,44.0,10.0
981,1.4883287577918054,31.45588505742976,1.5,96.0,93.0,8.0
982,0.502567802531189,20.43559355355634,1.5,59.0,53.0,12.0
983,0.06615883350684726,9.611138671205627,1.5,27.0,26.0,9.0
984,0.0247166674142818,5.732370892637741,1.5,20.0,18.0,12.0
985,0.12432801881209343,9.067197592875713,1.5,39.0,26.0,14.0
986,0.03131692727367863,8.98615021888687,1.5,26.0,20.0,3.0
987,0.1500022427883323,13.075243425034339,1.5,43.0,39.0,6.0
988,0.642730666974785,23.226533552354418,1.5,71.0,66.0,9.0
989,1.2247247262467909,25.251948267217436,1.5,92.0,64.0,16.0
990,0.5452416015181143,17.844192719048092,1.5,70.0,47.0,11.0
991,0.01888237677781035,5.726386240681979,1.5,17.0,16.0,19.0
992,1.3193072901262894,32.208700649525206,1.5,98.0,86.0,5.0
993,0.4610617739923555,18.605359558596685,1.5,71.0,53.0,7.0
994,0.011457607119723434,3.1245203360054012,1.5,15.0,12.0,10.0
995,0.17515720425421932,4.236184674345304,1.5,22.0,17.0,9.0
996,1.3085654745930242,32.58276941164138,1.5,109.0,80.0,4.0
997,4.478268141686385,32.6722641072408,1.5,117.0,91.0,19.0
998,0.05512317469344907,5.398777286118073,1.5,21.0,17.0,15.0
999,0.4968312062324003,17.124416758651716,1.5,60.0,54.0,12.0
