,value_factor,rho,p_val,no_items,no_pos,no_prop,p_bonferonni
0,0.991225875677768,0.7412587412587414,0.005801150474478243,14.0,12.0,4.0,5.801150474478243
1,1.0,1.0,0.0,18.0,14.0,3.0,0.0
2,0.9792944644657421,0.9727272727272729,5.14217704904919e-07,12.0,11.0,4.0,0.000514217704904919
3,0.998415182788449,0.7964285714285713,0.00038046767853463354,23.0,15.0,4.0,0.38046767853463354
4,0.9942508140352223,0.7552447552447553,0.004508435484294225,17.0,12.0,3.0,4.508435484294226
5,0.9993223052930216,0.990909090909091,3.762571807085399e-09,15.0,11.0,4.0,3.762571807085399e-06
6,0.999482901213393,0.901098901098901,2.613862202954826e-05,19.0,13.0,2.0,0.02613862202954826
7,0.9989625335652481,0.9560439560439561,3.365097276351456e-07,14.0,13.0,3.0,0.0003365097276351456
8,1.0006497075720437,0.9780219780219779,7.757814031393615e-09,14.0,13.0,2.0,7.757814031393615e-06
9,0.9941634158592922,0.9516483516483516,1.661613698567939e-07,17.0,14.0,4.0,0.0001661613698567939
10,1.0,1.0,0.0,22.0,19.0,2.0,0.0
11,0.9988608191927406,0.9731682146542827,1.2418823458351716e-11,22.0,18.0,3.0,1.2418823458351716e-08
12,0.9993702132486523,0.9789473684210527,3.6006418847130656e-13,26.0,19.0,3.0,3.600641884713066e-10
13,0.9987785218902852,1.0,0.0,14.0,11.0,2.0,0.0
14,1.003393548984089,0.9789473684210527,3.6006418847130656e-13,28.0,19.0,2.0,3.600641884713066e-10
15,0.9929898410464529,0.5824175824175823,0.036741334358654267,19.0,13.0,4.0,36.741334358654264
16,1.0,0.9999999999999999,6.646897422032013e-64,13.0,10.0,2.0,6.646897422032013e-61
17,1.009762270715547,0.9529411764705882,1.2096579348829016e-08,19.0,16.0,4.0,1.2096579348829016e-05
18,0.9992681716608269,0.9956043956043955,1.0315953358848785e-13,18.0,14.0,2.0,1.0315953358848785e-10
19,0.9986550827801359,0.8543859649122807,3.2172936207613084e-06,25.0,19.0,4.0,0.0032172936207613082
20,1.0,0.9999999999999999,6.646897422032013e-64,14.0,10.0,2.0,6.646897422032013e-61
21,0.993280874733473,0.9392857142857142,2.094580193668552e-07,22.0,15.0,3.0,0.0002094580193668552
22,1.0,1.0,0.0,14.0,11.0,2.0,0.0
23,1.0026395684568923,0.9604395604395607,5.081053892329076e-08,18.0,14.0,2.0,5.0810538923290756e-05
24,1.0,1.0,0.0,22.0,15.0,2.0,0.0
25,0.9976175787974682,0.982142857142857,8.15733350897873e-11,20.0,15.0,3.0,8.15733350897873e-08
26,1.0,1.0,0.0,16.0,14.0,3.0,0.0
27,0.9735262339617976,0.8461538461538461,0.00026601205575225274,19.0,13.0,4.0,0.26601205575225273
28,1.0001108027380754,0.990909090909091,3.762571807085399e-09,16.0,11.0,4.0,3.762571807085399e-06
29,1.005050917116591,0.9771929824561404,7.06769744556743e-13,27.0,19.0,4.0,7.06769744556743e-10
30,1.000622316592926,0.981424148606811,6.725639702470495e-13,25.0,18.0,2.0,6.725639702470495e-10
31,0.982309190788546,0.9181818181818183,6.661451941355563e-05,14.0,11.0,4.0,0.06661451941355563
32,0.9989209882493771,0.9705882352941176,4.723401127287032e-10,22.0,16.0,2.0,4.7234011272870323e-07
33,0.9979032806627388,0.9930069930069931,1.3016730560634403e-10,15.0,12.0,2.0,1.3016730560634403e-07
34,0.9988567321340565,0.990909090909091,3.762571807085399e-09,13.0,11.0,2.0,3.762571807085399e-06
35,1.0,0.9999999999999999,6.646897422032013e-64,14.0,10.0,2.0,6.646897422032013e-61
36,0.929072106697116,0.7545454545454545,0.00728204100842914,12.0,11.0,4.0,7.28204100842914
37,1.0028841304191978,0.8909090909090909,0.0005421442248338665,11.0,10.0,4.0,0.5421442248338665
38,0.9951400241161638,0.8727272727272729,0.00045461505140964044,12.0,11.0,4.0,0.4546150514096404
39,0.9970788133833038,0.7350877192982455,0.00033635480177547986,28.0,19.0,3.0,0.33635480177547983
40,0.9866789805230393,0.9,0.00015997142806871369,12.0,11.0,4.0,0.15997142806871367
41,1.0001584572093098,0.8549450549450549,9.766040002967738e-05,19.0,14.0,4.0,0.09766040002967738
42,0.9989685176500923,0.9120879120879121,5.502099746344888e-06,21.0,14.0,4.0,0.005502099746344888
43,1.0,1.0,0.0,20.0,16.0,2.0,0.0
44,1.0001383743964734,0.9926470588235295,3.578273822703326e-15,24.0,17.0,3.0,3.578273822703326e-12
45,0.9967148264043993,0.9272727272727275,3.973774256558543e-05,13.0,11.0,3.0,0.03973774256558543
46,1.0020601573006611,0.9505494505494506,6.363704773478595e-07,15.0,13.0,2.0,0.0006363704773478595
47,1.0014211406149394,0.9926470588235295,3.578273822703326e-15,19.0,17.0,2.0,3.578273822703326e-12
48,1.002649765333157,0.9535714285714283,3.792440041183125e-08,22.0,15.0,3.0,3.7924400411831246e-05
49,0.9991808748126558,0.9607142857142855,1.3027489790343413e-08,20.0,15.0,3.0,1.3027489790343412e-05
50,0.9387459070729006,0.6484848484848483,0.04254012768448945,12.0,10.0,4.0,42.54012768448945
51,1.0,0.9999999999999999,6.646897422032013e-64,11.0,10.0,3.0,6.646897422032013e-61
52,1.0015605618834476,0.9860139860139862,4.1168959116543284e-09,14.0,12.0,3.0,4.116895911654328e-06
53,1.00000201482696,0.990909090909091,3.762571807085399e-09,14.0,11.0,3.0,3.762571807085399e-06
54,0.9993572300734377,0.9711042311661506,2.2322196490619925e-11,21.0,18.0,4.0,2.2322196490619925e-08
55,0.9998637472174425,0.9878787878787878,9.307459988955517e-08,14.0,10.0,3.0,9.307459988955517e-05
56,1.0012824469317592,0.9411764705882352,5.588937633072717e-08,23.0,16.0,3.0,5.588937633072717e-05
57,0.9972612268267207,0.9823529411764707,1.3641238342610768e-11,17.0,16.0,4.0,1.3641238342610768e-08
58,1.0007014951838868,0.7502579979360166,0.0003352980382239193,25.0,18.0,3.0,0.3352980382239193
59,1.0,1.0,0.0,14.0,12.0,2.0,0.0
60,1.0005928613953403,0.9982456140350877,2.579846712328762e-22,24.0,19.0,2.0,2.579846712328762e-19
61,1.0000618698271306,0.9975490196078433,9.580348013919738e-19,24.0,17.0,3.0,9.580348013919737e-16
62,0.9821373340064731,0.6678571428571428,0.006509956694715437,18.0,15.0,4.0,6.509956694715437
63,1.0005813239146941,0.9842105263157893,3.177817784867256e-14,26.0,19.0,3.0,3.1778177848672555e-11
64,0.999334220048387,0.9926470588235295,3.578273822703326e-15,20.0,17.0,3.0,3.578273822703326e-12
65,0.9987533716286848,0.8461538461538461,0.00013625614917754875,20.0,14.0,3.0,0.13625614917754875
66,0.9986934230425456,0.9215686274509804,1.492081879812723e-07,18.0,17.0,3.0,0.0001492081879812723
67,1.0085954029995072,0.9877450980392157,1.6270834281737186e-13,18.0,17.0,2.0,1.6270834281737186e-10
68,0.9867987754273037,0.8821428571428571,1.3558210624788689e-05,23.0,15.0,4.0,0.013558210624788689
69,0.9641164990917499,0.6544117647058824,0.004367978540420787,25.0,17.0,3.0,4.367978540420787
70,0.9765332654173856,0.5090909090909091,0.10973723224165641,14.0,11.0,4.0,109.7372322416564
71,0.9921980703951898,0.8909090909090909,0.0005421442248338665,14.0,10.0,3.0,0.5421442248338665
72,0.9931693052854447,0.7527472527472527,0.0029822333891698486,15.0,13.0,2.0,2.9822333891698487
73,0.9750411928826026,0.4323529411764706,0.09442103753478695,24.0,16.0,4.0,94.42103753478695
74,1.0,0.9999999999999999,6.646897422032013e-64,12.0,10.0,3.0,6.646897422032013e-61
75,1.0023148267246687,0.9945054945054945,3.909411051466979e-12,15.0,13.0,2.0,3.909411051466979e-09
76,0.9825762519396286,0.7358101135190918,0.0005000834138759303,23.0,18.0,4.0,0.5000834138759302
77,0.99009431937743,0.9175824175824175,9.906225317564678e-06,17.0,13.0,2.0,0.009906225317564679
78,1.0042505707633742,0.9,1.5497934468685783e-07,24.0,19.0,4.0,0.00015497934468685783
79,1.0004348646821517,0.982142857142857,8.15733350897873e-11,20.0,15.0,2.0,8.15733350897873e-08
80,1.0000328898879458,0.9860139860139862,4.1168959116543284e-09,14.0,12.0,2.0,4.116895911654328e-06
81,0.9984201118021173,0.9583333333333335,1.4469911897074028e-09,22.0,17.0,2.0,1.4469911897074027e-06
82,1.0005716430867315,0.9628482972136224,1.62399434830459e-10,22.0,18.0,2.0,1.62399434830459e-07
83,1.0,1.0,0.0,22.0,15.0,2.0,0.0
84,1.0,1.0,0.0,20.0,17.0,2.0,0.0
85,0.9929639917393551,0.8921568627450982,1.4893515661379568e-06,19.0,17.0,4.0,0.001489351566137957
86,0.9506344220784914,0.0303030303030303,0.9337729580941466,15.0,10.0,4.0,933.7729580941466
87,1.0109040429064688,0.9208791208791209,2.981543161456545e-06,16.0,14.0,2.0,0.0029815431614565453
88,1.0,1.0,0.0,19.0,17.0,2.0,0.0
89,1.0012600169865369,0.9731682146542827,1.2418823458351716e-11,25.0,18.0,3.0,1.2418823458351716e-08
90,0.998244651597667,0.982843137254902,2.000914024116428e-12,21.0,17.0,2.0,2.000914024116428e-09
91,0.9613048791571658,0.2727272727272727,0.44583834154275137,14.0,10.0,3.0,445.8383415427514
92,0.9720850074744262,0.7000000000000001,0.01647097883651441,16.0,11.0,3.0,16.470978836514412
93,0.9989967798699725,0.9151515151515152,0.0002044724061488323,12.0,10.0,4.0,0.20447240614883228
94,0.9989545065394142,0.9876160990712075,2.6756127071349497e-14,21.0,18.0,2.0,2.6756127071349498e-11
95,1.0149131921052585,0.8333333333333334,9.401481434945419e-06,21.0,19.0,3.0,0.00940148143494542
96,1.0,0.9999999999999999,6.646897422032013e-64,15.0,10.0,3.0,6.646897422032013e-61
97,1.0015765672443853,0.9725274725274725,2.6191330438273957e-08,16.0,13.0,2.0,2.6191330438273956e-05
98,1.0000291504705558,0.9945054945054945,3.909411051466979e-12,19.0,13.0,2.0,3.909411051466979e-09
99,0.9999466662265283,0.9470588235294116,2.715731165956679e-08,20.0,16.0,2.0,2.715731165956679e-05
100,0.9951110068971483,0.9142156862745098,2.8589435679031615e-07,21.0,17.0,3.0,0.0002858943567903162
101,1.0109017236256497,0.7090909090909092,0.014552051953727704,17.0,11.0,4.0,14.552051953727704
102,0.997224910514089,0.9516483516483516,1.661613698567939e-07,20.0,14.0,4.0,0.0001661613698567939
103,0.9930242488597318,0.8181818181818183,0.0011431050868040604,14.0,12.0,3.0,1.1431050868040604
104,1.003249429912738,0.9725274725274725,2.6191330438273957e-08,15.0,13.0,2.0,2.6191330438273956e-05
105,1.0007994721912923,0.9876160990712075,2.6756127071349497e-14,19.0,18.0,4.0,2.6756127071349498e-11
106,1.001072557478054,0.9780219780219779,7.757814031393615e-09,15.0,13.0,2.0,7.757814031393615e-06
107,1.0013197981238022,0.9460784313725492,9.653942434819005e-09,21.0,17.0,2.0,9.653942434819004e-06
108,1.0030085674102645,0.9300699300699302,1.170222792865967e-05,17.0,12.0,4.0,0.011702227928659669
109,0.998450463139347,0.8684210526315789,1.4290128393433576e-06,25.0,19.0,2.0,0.0014290128393433575
110,1.0,1.0,0.0,25.0,18.0,2.0,0.0
111,0.9982398020358646,0.8749999999999999,1.9522613815941147e-05,19.0,15.0,4.0,0.019522613815941146
112,1.000368566996787,0.9730392156862747,5.76923067840225e-11,21.0,17.0,3.0,5.76923067840225e-08
113,1.0036941763099454,0.9607843137254902,2.4865670345238e-10,22.0,18.0,3.0,2.4865670345238003e-07
114,1.0000616764278711,0.9982456140350877,2.579846712328762e-22,27.0,19.0,2.0,2.579846712328762e-19
115,1.002539507435429,0.9566563467492261,5.46578066361063e-10,24.0,18.0,4.0,5.46578066361063e-07
116,0.9977422121865736,0.6272727272727273,0.03884525362035334,12.0,11.0,3.0,38.84525362035334
117,0.9884890710403882,0.6538461538461539,0.015348516732105476,14.0,13.0,4.0,15.348516732105477
118,1.0005356308378583,0.988235294117647,8.108881053980581e-13,22.0,16.0,3.0,8.108881053980581e-10
119,0.9940146982907823,0.9272727272727275,3.973774256558543e-05,14.0,11.0,4.0,0.03973774256558543
120,1.0006521916018674,0.9930069930069931,1.3016730560634403e-10,17.0,12.0,3.0,1.3016730560634403e-07
121,0.9992262538480873,0.9958720330237358,4.184524393267239e-18,19.0,18.0,3.0,4.184524393267239e-15
122,0.9959316031218899,0.7802197802197801,0.001652500657442955,19.0,13.0,4.0,1.652500657442955
123,1.0005246119656495,0.9982456140350877,2.579846712328762e-22,26.0,19.0,3.0,2.579846712328762e-19
124,0.9877430241403465,0.7794117647058825,0.00037168023647875503,23.0,16.0,2.0,0.37168023647875503
125,0.9828674954570451,0.7009803921568628,0.0017194111989726393,25.0,17.0,3.0,1.7194111989726393
126,0.9927928914519115,0.881818181818182,0.0003301688021839005,13.0,11.0,3.0,0.3301688021839005
127,1.0,1.0,0.0,13.0,12.0,2.0,0.0
128,0.9990021191664621,0.9941176470588234,6.4339974884469385e-15,20.0,16.0,2.0,6.4339974884469384e-12
129,0.998957304065433,0.990909090909091,3.762571807085399e-09,13.0,11.0,3.0,3.762571807085399e-06
130,1.0,1.0,0.0,16.0,13.0,2.0,0.0
131,1.0,1.0,0.0,22.0,15.0,3.0,0.0
132,0.9988281696764107,0.8926728586171312,6.290980659201072e-07,22.0,18.0,3.0,0.0006290980659201072
133,0.9958541687905559,0.9300699300699302,1.170222792865967e-05,17.0,12.0,3.0,0.011702227928659669
134,0.9892844788359195,0.9272727272727272,0.00011203450639397582,14.0,10.0,4.0,0.11203450639397582
135,1.0,0.9999999999999999,6.646897422032013e-64,11.0,10.0,2.0,6.646897422032013e-61
136,0.9847553972431438,0.6263736263736264,0.016541935428871186,20.0,14.0,4.0,16.541935428871184
137,0.9969173838170318,0.7321428571428571,0.0019129636009785611,21.0,15.0,3.0,1.912963600978561
138,1.001972110062141,0.9636363636363637,1.852039864070312e-06,15.0,11.0,3.0,0.001852039864070312
139,1.0080513421773347,0.9166666666666667,2.317116555636978e-07,20.0,17.0,4.0,0.00023171165556369781
140,0.9959467549185591,0.8060606060606059,0.004862061101964606,12.0,10.0,2.0,4.862061101964606
141,1.0114544191718213,0.9112487100103198,1.4607836787089575e-07,25.0,18.0,3.0,0.00014607836787089575
142,1.0041134892631398,0.9272727272727272,0.00011203450639397582,12.0,10.0,3.0,0.11203450639397582
143,0.9812369987616668,0.7749999999999999,0.0006896453939514363,20.0,15.0,4.0,0.6896453939514363
144,1.0032798760707469,0.9285714285714284,5.867938270803352e-07,16.0,15.0,4.0,0.0005867938270803353
145,1.0006359855909812,0.9615384615384615,1.631768081069998e-07,14.0,13.0,2.0,0.00016317680810699978
146,1.000483161269255,0.9979360165118679,1.6451231715312417e-20,27.0,18.0,3.0,1.6451231715312417e-17
147,0.998219552168132,0.9835164835164836,1.611214573209521e-09,16.0,13.0,4.0,1.611214573209521e-06
148,0.979042666908486,0.2797202797202798,0.37856866966230307,17.0,12.0,2.0,378.5686696623031
149,0.9901027387246505,0.9860139860139862,4.1168959116543284e-09,17.0,12.0,4.0,4.116895911654328e-06
150,1.000463744797118,0.9975490196078433,9.580348013919738e-19,19.0,17.0,2.0,9.580348013919737e-16
151,0.9740290779300838,0.7454545454545454,0.013330146315440047,14.0,10.0,4.0,13.330146315440047
152,1.011731751735935,0.9470588235294116,2.715731165956679e-08,18.0,16.0,4.0,2.715731165956679e-05
153,1.0050802493275475,0.9780219780219781,1.5519632991187649e-09,15.0,14.0,2.0,1.551963299118765e-06
154,0.9940919078657392,0.9285714285714285,4.607427269933694e-06,15.0,13.0,3.0,0.004607427269933693
155,0.9895056924498672,0.9607142857142855,1.3027489790343413e-08,16.0,15.0,4.0,1.3027489790343412e-05
156,0.9988189156959953,0.9789473684210527,3.6006418847130656e-13,23.0,19.0,3.0,3.600641884713066e-10
157,0.9804336665282213,0.9030303030303028,0.00034361219776328223,11.0,10.0,2.0,0.3436121977632822
158,0.9981444067355704,0.8885448916408669,8.394663545248568e-07,27.0,18.0,3.0,0.0008394663545248567
159,0.9954142832199747,0.9133126934984519,1.2182182797478767e-07,26.0,18.0,3.0,0.00012182182797478767
160,0.9990450616074351,0.9692307692307693,1.1465229425475097e-08,16.0,14.0,4.0,1.1465229425475098e-05
161,0.9873746932645389,0.8303030303030302,0.0029402270232795065,13.0,10.0,4.0,2.9402270232795065
162,0.9905516975851172,0.690909090909091,0.018565033381595004,14.0,11.0,4.0,18.565033381595004
163,0.9898145560038882,0.9384615384615385,6.86120148176667e-07,15.0,14.0,2.0,0.000686120148176667
164,1.0008485712524395,0.9604395604395607,5.081053892329076e-08,16.0,14.0,4.0,5.0810538923290756e-05
165,1.00448794006638,0.9684210526315788,1.09055586677185e-11,21.0,19.0,2.0,1.0905558667718501e-08
166,1.002151183863276,0.9628482972136224,1.62399434830459e-10,21.0,18.0,2.0,1.62399434830459e-07
167,0.9660362510156113,0.7818181818181817,0.007547007781067878,15.0,10.0,3.0,7.547007781067878
168,1.0,0.9999999999999999,6.646897422032013e-64,13.0,10.0,2.0,6.646897422032013e-61
169,0.975191358425591,0.8749999999999999,1.9522613815941147e-05,16.0,15.0,4.0,0.019522613815941146
170,0.9806711148108733,0.7735294117647058,0.0004393556517117217,17.0,16.0,4.0,0.4393556517117217
171,1.0,0.9999999999999999,6.646897422032013e-64,15.0,10.0,2.0,6.646897422032013e-61
172,1.000552813504285,0.9192982456140351,2.6791023376473904e-08,26.0,19.0,4.0,2.6791023376473905e-05
173,1.0237711887330188,0.9352941176470588,1.0720167152998667e-07,18.0,16.0,3.0,0.00010720167152998667
174,1.0043556435748882,0.9090909090909091,0.00010559337630360869,14.0,11.0,4.0,0.1055933763036087
175,0.9774868376199494,0.6225490196078433,0.007606910274594117,24.0,17.0,4.0,7.606910274594117
176,0.9995455941800505,0.9090909090909091,0.00010559337630360869,14.0,11.0,4.0,0.1055933763036087
177,1.0006944515322989,0.9860139860139862,4.1168959116543284e-09,15.0,12.0,3.0,4.116895911654328e-06
178,0.968984216880065,0.9272727272727272,0.00011203450639397582,13.0,10.0,4.0,0.11203450639397582
179,1.0008330134768364,0.9930069930069931,1.3016730560634403e-10,17.0,12.0,2.0,1.3016730560634403e-07
180,1.001282142559211,0.990909090909091,3.762571807085399e-09,16.0,11.0,3.0,3.762571807085399e-06
181,1.0,1.0,0.0,13.0,11.0,2.0,0.0
182,1.0014140374837401,0.9930069930069931,1.3016730560634403e-10,15.0,12.0,4.0,1.3016730560634403e-07
183,1.0,1.0,0.0,16.0,15.0,4.0,0.0
184,0.9983012908019655,0.9120879120879121,1.3975552674444554e-05,16.0,13.0,3.0,0.013975552674444554
185,0.9982691230455952,0.9780219780219779,7.757814031393615e-09,15.0,13.0,4.0,7.757814031393615e-06
186,1.0056062667290082,0.956140350877193,1.706643162009303e-10,28.0,19.0,4.0,1.706643162009303e-07
187,1.0007935093917317,0.9941176470588234,6.4339974884469385e-15,23.0,16.0,2.0,6.4339974884469384e-12
188,1.009029520746382,0.8021978021978022,0.0005563056127922433,16.0,14.0,4.0,0.5563056127922432
189,1.0,1.0,0.0,25.0,19.0,2.0,0.0
190,0.9770636008180833,0.6363636363636365,0.026096891052703127,17.0,12.0,2.0,26.09689105270313
191,0.9888574760576175,0.945054945054945,1.1239312789557584e-06,18.0,13.0,4.0,0.0011239312789557583
192,0.9984193577723901,0.9731682146542827,1.2418823458351716e-11,25.0,18.0,2.0,1.2418823458351716e-08
193,1.003343272135305,0.8785714285714284,1.6315280286544268e-05,20.0,15.0,3.0,0.01631528028654427
194,0.9855941040478171,0.8791208791208791,7.54456235935913e-05,17.0,13.0,4.0,0.07544562359359129
195,0.9035342750080732,0.7454545454545454,0.013330146315440047,13.0,10.0,3.0,13.330146315440047
196,0.9981337578203712,0.9824175824175824,4.1071830416421516e-10,17.0,14.0,2.0,4.107183041642152e-07
197,1.0004387236521324,0.9823529411764707,1.3641238342610768e-11,19.0,16.0,4.0,1.3641238342610768e-08
198,1.000673399235367,0.5912087912087912,0.025970813668962523,19.0,14.0,4.0,25.970813668962524
199,1.0,1.0,0.0,18.0,12.0,2.0,0.0
200,0.9900881238560708,0.221978021978022,0.44562965795360865,21.0,14.0,2.0,445.62965795360867
201,1.0007762596047565,0.9892857142857142,2.9989342571550623e-12,21.0,15.0,3.0,2.9989342571550625e-09
202,1.0,1.0,0.0,18.0,16.0,2.0,0.0
203,0.988859313398653,0.9030303030303028,0.00034361219776328223,13.0,10.0,3.0,0.3436121977632822
204,1.0000143488668054,0.9975490196078433,9.580348013919738e-19,21.0,17.0,3.0,9.580348013919737e-16
205,1.001503589685105,0.9780219780219779,7.757814031393615e-09,18.0,13.0,4.0,7.757814031393615e-06
206,1.0000595355730855,0.9956043956043955,1.0315953358848785e-13,17.0,14.0,2.0,1.0315953358848785e-10
207,1.0001553608304004,0.990909090909091,3.762571807085399e-09,13.0,11.0,2.0,3.762571807085399e-06
208,1.001800215417061,0.9352941176470588,1.0720167152998667e-07,20.0,16.0,3.0,0.00010720167152998667
209,1.0078759769407917,0.888235294117647,4.326250867975576e-06,18.0,16.0,4.0,0.004326250867975576
210,0.9992632367178844,0.9338235294117647,4.3263269874737686e-08,21.0,17.0,4.0,4.3263269874737685e-05
211,1.000591714110769,0.976470588235294,1.0061504401171986e-10,19.0,16.0,2.0,1.0061504401171986e-07
212,1.0,1.0,0.0,21.0,19.0,2.0,0.0
213,0.9798004512194124,0.901098901098901,2.613862202954826e-05,15.0,13.0,4.0,0.02613862202954826
214,0.9980750433615149,0.9614035087719298,5.862028167722586e-11,26.0,19.0,4.0,5.862028167722586e-08
215,1.0,1.0,0.0,20.0,15.0,2.0,0.0
216,0.9991109200743707,0.9440559440559443,3.9272610809659444e-06,17.0,12.0,3.0,0.0039272610809659445
217,1.0005908117248974,0.9938080495356036,1.065568864594519e-16,20.0,18.0,3.0,1.065568864594519e-13
218,0.9552352384605232,0.7545454545454545,0.00728204100842914,13.0,11.0,3.0,7.28204100842914
219,1.0039481844093447,0.7676470588235293,0.0005168835242959224,22.0,16.0,4.0,0.5168835242959224
220,1.0000200819253764,0.9945054945054945,3.909411051466979e-12,19.0,13.0,2.0,3.909411051466979e-09
221,0.9910254931824887,0.9510489510489512,2.0384246324655723e-06,17.0,12.0,4.0,0.002038424632465572
222,1.0,1.0,0.0,21.0,14.0,2.0,0.0
223,0.977470368102037,0.7058823529411764,0.002245900601051328,23.0,16.0,4.0,2.245900601051328
224,1.0,0.9999999999999999,6.646897422032013e-64,11.0,10.0,4.0,6.646897422032013e-61
225,0.9991912121415466,0.9725274725274725,2.6191330438273957e-08,15.0,13.0,3.0,2.6191330438273956e-05
226,0.9933628095474715,0.9515151515151514,2.279854920641689e-05,13.0,10.0,2.0,0.022798549206416892
227,0.9942362664593042,0.8461538461538461,0.00013625614917754875,19.0,14.0,3.0,0.13625614917754875
228,1.0,1.0,0.0,15.0,11.0,2.0,0.0
229,0.9962196019290009,0.9164835164835166,4.084158819686066e-06,20.0,14.0,2.0,0.004084158819686066
230,1.0001716822267228,0.9571428571428571,2.2736751556259742e-08,18.0,15.0,3.0,2.273675155625974e-05
231,1.0,1.0,0.0,15.0,13.0,2.0,0.0
232,0.9985509472615652,0.8897058823529412,1.7498572958917092e-06,21.0,17.0,4.0,0.0017498572958917092
233,0.9582241440621718,0.7818181818181817,0.007547007781067878,11.0,10.0,4.0,7.547007781067878
234,0.9674533112249893,0.8909090909090909,0.0005421442248338665,14.0,10.0,4.0,0.5421442248338665
235,0.9988106884308813,0.9790209790209792,3.0898013985487064e-08,15.0,12.0,3.0,3.0898013985487066e-05
236,1.0016245019584538,0.9545454545454546,4.988898739949763e-06,16.0,11.0,3.0,0.004988898739949763
237,0.9975295186777491,0.9749999999999999,7.14370596522927e-10,17.0,15.0,3.0,7.143705965229271e-07
238,0.9926820386938106,0.5956043956043956,0.024612610795286847,17.0,14.0,4.0,24.612610795286848
239,1.0,1.0,0.0,20.0,16.0,2.0,0.0
240,1.0,1.0,0.0,22.0,17.0,2.0,0.0
241,1.0001119103871445,0.9970588235294118,5.0655883449921147e-17,21.0,16.0,2.0,5.065588344992115e-14
242,0.9992943924999926,0.8504901960784315,1.5217270129720005e-05,23.0,17.0,3.0,0.015217270129720005
243,1.000834142182092,0.9120879120879121,1.3975552674444554e-05,20.0,13.0,4.0,0.013975552674444554
244,0.9902858060889859,0.6013986013986015,0.03858845292201944,16.0,12.0,4.0,38.58845292201944
245,0.9999305247262442,0.9964285714285712,2.4159793199703443e-15,17.0,15.0,2.0,2.4159793199703444e-12
246,1.0,1.0,0.0,24.0,16.0,2.0,0.0
247,0.9992250120053465,0.7939393939393938,0.0060999233136969115,15.0,10.0,2.0,6.0999233136969115
248,1.0,1.0,0.0,17.0,15.0,3.0,0.0
249,0.9995350539729744,0.9901960784313727,3.07362545045533e-14,19.0,17.0,2.0,3.07362545045533e-11
250,1.0002881023702044,0.9930069930069931,1.3016730560634403e-10,17.0,12.0,2.0,1.3016730560634403e-07
251,0.9934508208543764,0.965686274509804,3.446356358407721e-10,20.0,17.0,4.0,3.446356358407721e-07
252,0.9997289812176132,0.911764705882353,8.818985741384042e-07,22.0,16.0,4.0,0.0008818985741384042
253,1.00012412983543,0.9950980392156863,1.7220637266386493e-16,18.0,17.0,3.0,1.7220637266386493e-13
254,1.0001687761085911,0.9979360165118679,1.6451231715312417e-20,26.0,18.0,2.0,1.6451231715312417e-17
255,1.0037131304660785,0.9558823529411766,7.760274461610307e-09,18.0,16.0,3.0,7.760274461610308e-06
256,1.0004434737339205,0.9979360165118679,1.6451231715312417e-20,25.0,18.0,2.0,1.6451231715312417e-17
257,1.0,1.0,0.0,14.0,12.0,2.0,0.0
258,0.9975743876877766,0.9401444788441692,6.859458095524686e-09,23.0,18.0,2.0,6.8594580955246855e-06
259,1.0018127645327843,0.9473684210526316,7.800829220458973e-10,25.0,19.0,4.0,7.800829220458973e-07
260,0.9973763086266532,0.9727272727272729,5.14217704904919e-07,13.0,11.0,4.0,0.000514217704904919
261,1.0000069217193526,0.9964285714285712,2.4159793199703443e-15,16.0,15.0,3.0,2.4159793199703444e-12
262,0.9998093588456552,0.9878787878787878,9.307459988955517e-08,13.0,10.0,2.0,9.307459988955517e-05
263,1.0,1.0,0.0,16.0,11.0,3.0,0.0
264,0.953792828045251,0.8787878787878788,0.0008138621117322101,13.0,10.0,4.0,0.8138621117322101
265,0.9995590720730012,0.8881118881118882,0.00011413359814618011,16.0,12.0,2.0,0.11413359814618011
266,1.0,1.0,0.0,16.0,11.0,2.0,0.0
267,0.9915566000964666,0.9363636363636365,2.208207644917754e-05,16.0,11.0,3.0,0.02208207644917754
268,1.000391060052878,0.9823529411764707,1.3641238342610768e-11,22.0,16.0,4.0,1.3641238342610768e-08
269,1.0,1.0,0.0,25.0,17.0,3.0,0.0
270,1.0012361294173164,0.9964285714285712,2.4159793199703443e-15,18.0,15.0,3.0,2.4159793199703444e-12
271,1.0003652545555726,0.9970588235294118,5.0655883449921147e-17,21.0,16.0,2.0,5.065588344992115e-14
272,0.9963643867942934,0.8727272727272729,0.00045461505140964044,16.0,11.0,4.0,0.4546150514096404
273,1.0000010465893379,0.9970588235294118,5.0655883449921147e-17,18.0,16.0,4.0,5.065588344992115e-14
274,0.9742474028979424,0.9300699300699302,1.170222792865967e-05,13.0,12.0,4.0,0.011702227928659669
275,0.9961434794261811,0.9558823529411765,2.2056479022281597e-09,21.0,17.0,4.0,2.2056479022281598e-06
276,0.9945943184436354,0.8842105263157896,5.097789186801282e-07,27.0,19.0,4.0,0.0005097789186801282
277,0.9909540760418726,0.8852941176470588,5.147147576842463e-06,22.0,16.0,2.0,0.005147147576842463
278,1.0,1.0,0.0,17.0,15.0,2.0,0.0
279,1.018672086767693,0.6643356643356644,0.018452718028445437,16.0,12.0,4.0,18.452718028445435
280,0.9900717548140835,0.928921568627451,7.287799106752729e-08,26.0,17.0,2.0,7.287799106752728e-05
281,1.0098387750144995,0.9604395604395607,5.081053892329076e-08,18.0,14.0,3.0,5.0810538923290756e-05
282,1.001141181810151,0.9,1.5497934468685783e-07,28.0,19.0,4.0,0.00015497934468685783
283,0.9964219380361194,0.9632352941176472,5.740995055041279e-10,18.0,17.0,3.0,5.740995055041279e-07
284,1.0121297927849238,0.9510489510489512,2.0384246324655723e-06,18.0,12.0,2.0,0.002038424632465572
285,1.0,1.0,0.0,16.0,12.0,2.0,0.0
286,0.9983709499274891,0.9790209790209792,3.0898013985487064e-08,13.0,12.0,4.0,3.0898013985487066e-05
287,0.9847738402405212,0.9020979020979022,5.9978574465377e-05,14.0,12.0,4.0,0.059978574465377
288,0.9972866826227744,0.8241758241758241,0.00028870384974594366,21.0,14.0,4.0,0.28870384974594365
289,0.9998194225355111,0.9930069930069931,1.3016730560634403e-10,17.0,12.0,4.0,1.3016730560634403e-07
290,1.0002770615660017,0.9860139860139862,4.1168959116543284e-09,15.0,12.0,3.0,4.116895911654328e-06
291,1.0014912314635849,0.7727272727272727,0.005299487178643863,16.0,11.0,3.0,5.299487178643863
292,1.0005235486786108,0.9964912280701754,9.285165080058482e-20,22.0,19.0,2.0,9.285165080058481e-17
293,0.9986844691848499,0.6392857142857141,0.010288446619594207,18.0,15.0,4.0,10.288446619594207
294,1.0024008926409411,0.9823529411764707,1.3641238342610768e-11,21.0,16.0,3.0,1.3641238342610768e-08
295,1.0025755544678487,0.985294117647059,6.341615043472023e-13,25.0,17.0,3.0,6.341615043472023e-10
296,0.9889617986410246,0.9878787878787878,9.307459988955517e-08,12.0,10.0,3.0,9.307459988955517e-05
297,1.0000083120484313,0.9950980392156863,1.7220637266386493e-16,24.0,17.0,2.0,1.7220637266386493e-13
298,1.000003213067739,0.9945054945054945,3.909411051466979e-12,17.0,13.0,2.0,3.909411051466979e-09
299,0.9977722739925874,0.9456140350877192,1.0246374029085398e-09,25.0,19.0,3.0,1.0246374029085399e-06
300,1.0,1.0,0.0,16.0,12.0,2.0,0.0
301,1.0,1.0,0.0,15.0,13.0,2.0,0.0
302,1.000189402965013,0.956140350877193,1.706643162009303e-10,21.0,19.0,4.0,1.706643162009303e-07
303,1.0,1.0,0.0,19.0,18.0,2.0,0.0
304,0.9988819734534238,0.9473684210526316,7.800829220458973e-10,24.0,19.0,3.0,7.800829220458973e-07
305,1.0,1.0,0.0,12.0,11.0,2.0,0.0
306,0.9968049006960107,0.9681372549019608,1.9909901926022065e-10,25.0,17.0,3.0,1.9909901926022066e-07
307,1.0002374799283686,0.9938080495356036,1.065568864594519e-16,21.0,18.0,3.0,1.065568864594519e-13
308,0.9829433231960726,0.9236326109391124,4.568456687421577e-08,21.0,18.0,4.0,4.568456687421577e-05
309,1.0000265070447123,0.9970588235294118,5.0655883449921147e-17,23.0,16.0,4.0,5.065588344992115e-14
310,0.9981637193753429,0.9648351648351648,2.5304057544450237e-08,19.0,14.0,3.0,2.5304057544450237e-05
311,1.0087522764467363,0.914285714285714,1.8531121308926519e-06,19.0,15.0,4.0,0.0018531121308926518
312,0.9979321553482139,0.990909090909091,3.762571807085399e-09,16.0,11.0,4.0,3.762571807085399e-06
313,0.9970822337248502,0.8926728586171312,6.290980659201072e-07,25.0,18.0,4.0,0.0006290980659201072
314,0.9793255345034835,0.8272727272727273,0.001676973896452378,12.0,11.0,4.0,1.6769738964523782
315,0.997770028005359,0.9030303030303028,0.00034361219776328223,13.0,10.0,2.0,0.3436121977632822
316,1.0011599788803245,0.9803921568627453,5.40869606994842e-12,25.0,17.0,3.0,5.40869606994842e-09
317,1.0020095660309063,0.9323529411764706,1.4517544390481194e-07,18.0,16.0,4.0,0.00014517544390481193
318,1.0,1.0,0.0,18.0,12.0,4.0,0.0
319,0.9988749481020629,0.8626373626373626,0.00014744785947619764,20.0,13.0,4.0,0.14744785947619762
320,0.9890499554287135,0.8060606060606059,0.004862061101964606,11.0,10.0,4.0,4.862061101964606
321,0.997988270215691,0.9780219780219779,7.757814031393615e-09,14.0,13.0,4.0,7.757814031393615e-06
322,1.0448374824018456,0.8951048951048951,8.36658642909172e-05,14.0,12.0,2.0,0.0836658642909172
323,0.9991689357260991,0.9912087912087912,6.540154944134387e-12,16.0,14.0,4.0,6.540154944134387e-09
324,0.9993190708854051,0.9818181818181818,8.403066433955246e-08,13.0,11.0,3.0,8.403066433955245e-05
325,0.9789573083408654,0.9090909090909091,0.00010559337630360869,12.0,11.0,4.0,0.1055933763036087
326,0.9997492462704922,0.8941176470588235,3.0113099296374175e-06,21.0,16.0,3.0,0.0030113099296374176
327,1.0,1.0,0.0,20.0,18.0,2.0,0.0
328,0.9995346724496201,0.9794117647058824,3.982009789755264e-11,22.0,16.0,3.0,3.9820097897552636e-08
329,1.0001507530459044,0.9930069930069931,1.3016730560634403e-10,14.0,12.0,3.0,1.3016730560634403e-07
330,1.0,1.0,0.0,14.0,11.0,2.0,0.0
331,1.0006116137119494,0.9947368421052631,2.8973718112997517e-18,25.0,19.0,2.0,2.8973718112997517e-15
332,1.0024313235150082,0.9818181818181818,8.403066433955246e-08,13.0,11.0,2.0,8.403066433955245e-05
333,0.9991345051848542,0.9395604395604396,1.8782484299388895e-06,19.0,13.0,4.0,0.0018782484299388895
334,1.0003258975978873,0.9669762641898865,6.412439256727504e-11,21.0,18.0,4.0,6.412439256727504e-08
335,1.0002196282477804,0.8596491228070176,2.3973995383996983e-06,27.0,19.0,4.0,0.0023973995383996982
336,0.9797822322885931,0.5868131868131868,0.02738437553108774,20.0,14.0,4.0,27.384375531087738
337,1.0001229713051065,0.9964285714285712,2.4159793199703443e-15,20.0,15.0,2.0,2.4159793199703444e-12
338,1.0,1.0,0.0,19.0,14.0,2.0,0.0
339,1.0,0.9999999999999999,6.646897422032013e-64,12.0,10.0,3.0,6.646897422032013e-61
340,1.0,1.0,0.0,20.0,16.0,2.0,0.0
341,1.0040696062437833,0.9842105263157893,3.177817784867256e-14,21.0,19.0,2.0,3.1778177848672555e-11
342,0.9996786080343709,0.9894736842105263,1.0305395814380572e-15,24.0,19.0,4.0,1.030539581438057e-12
343,0.9951518751075058,0.8787878787878788,0.0008138621117322101,14.0,10.0,4.0,0.8138621117322101
344,0.9629655607969215,0.8637362637362638,6.846377605646043e-05,19.0,14.0,4.0,0.06846377605646042
345,1.004475134003561,0.8705882352941177,1.1498934802741619e-05,20.0,16.0,3.0,0.011498934802741619
346,0.9921193034416111,0.8205882352941177,9.84127041687538e-05,23.0,16.0,4.0,0.0984127041687538
347,0.9927852737428151,0.6090909090909091,0.04669570935409886,16.0,11.0,4.0,46.69570935409887
348,0.9990892364789629,0.9878787878787878,9.307459988955517e-08,13.0,10.0,2.0,9.307459988955517e-05
349,0.9791306462430517,0.3058823529411765,0.24925429892891857,19.0,16.0,4.0,249.25429892891856
350,1.0,0.9999999999999999,6.646897422032013e-64,14.0,10.0,2.0,6.646897422032013e-61
351,0.9886355502710595,0.9,0.00015997142806871369,12.0,11.0,4.0,0.15997142806871367
352,0.9980719602513259,0.9930069930069931,1.3016730560634403e-10,13.0,12.0,4.0,1.3016730560634403e-07
353,1.0,1.0,0.0,13.0,12.0,2.0,0.0
354,1.0005072832730209,0.9930069930069931,1.3016730560634403e-10,16.0,12.0,3.0,1.3016730560634403e-07
355,1.0024947807260507,0.887719298245614,3.973316985545687e-07,22.0,19.0,3.0,0.0003973316985545687
356,1.0025691239417012,0.9504643962848297,1.5597650189845142e-09,20.0,18.0,4.0,1.5597650189845143e-06
357,1.0002637097827416,0.9757575757575757,1.4675461874042197e-06,15.0,10.0,4.0,0.0014675461874042197
358,1.00015721323995,0.990909090909091,3.762571807085399e-09,16.0,11.0,2.0,3.762571807085399e-06
359,1.000641035881292,0.9979360165118679,1.6451231715312417e-20,19.0,18.0,3.0,1.6451231715312417e-17
360,0.9981886285900389,0.9607843137254902,9.249159927780467e-10,22.0,17.0,3.0,9.249159927780467e-07
361,0.9996200908621945,0.9720279720279721,1.2868115751495013e-07,14.0,12.0,4.0,0.00012868115751495012
362,0.9985505755591881,0.9780219780219779,7.757814031393615e-09,18.0,13.0,3.0,7.757814031393615e-06
363,0.9988479574748373,0.9228070175438597,1.858577545665478e-08,25.0,19.0,4.0,1.858577545665478e-05
364,0.9861499103478673,0.34545454545454546,0.32822651147136733,15.0,10.0,4.0,328.22651147136736
365,1.0004612223526768,0.985294117647059,6.341615043472023e-13,24.0,17.0,2.0,6.341615043472023e-10
366,1.0009433324332244,0.9852941176470588,3.836719544768076e-12,17.0,16.0,3.0,3.836719544768076e-09
367,1.0,1.0,0.0,12.0,11.0,2.0,0.0
368,1.0058622001112167,0.9472527472527472,2.7738827125448025e-07,20.0,14.0,2.0,0.00027738827125448024
369,1.0018647025862686,0.9964285714285712,2.4159793199703443e-15,17.0,15.0,2.0,2.4159793199703444e-12
370,0.9981912426154336,0.9515151515151514,2.279854920641689e-05,12.0,10.0,3.0,0.022798549206416892
371,1.0009623696604786,0.9571428571428571,2.2736751556259742e-08,21.0,15.0,4.0,2.273675155625974e-05
372,0.998104044426426,0.9236326109391124,4.568456687421577e-08,24.0,18.0,4.0,4.568456687421577e-05
373,0.9910706039134173,0.8516483516483516,0.00022021941625366222,18.0,13.0,3.0,0.22021941625366223
374,1.0007374357327579,0.943859649122807,1.3339955796336925e-09,24.0,19.0,2.0,1.3339955796336925e-06
375,1.000726045793401,0.9525283797729618,1.1169590316176146e-09,23.0,18.0,2.0,1.1169590316176147e-06
376,0.996604743338648,0.9175824175824175,9.906225317564678e-06,15.0,13.0,4.0,0.009906225317564679
377,1.0,1.0,0.0,19.0,18.0,2.0,0.0
378,1.0008470433471908,0.9964912280701754,9.285165080058482e-20,24.0,19.0,2.0,9.285165080058481e-17
379,0.9987436608869559,0.7967032967032966,0.0011136526522685867,18.0,13.0,3.0,1.1136526522685868
380,0.9998956965630758,0.9515151515151514,2.279854920641689e-05,15.0,10.0,3.0,0.022798549206416892
381,0.9952621438249533,0.9252747252747253,2.1365703496108153e-06,15.0,14.0,4.0,0.002136570349610815
382,0.999572456547468,0.9945054945054945,3.909411051466979e-12,19.0,13.0,2.0,3.909411051466979e-09
383,1.0,1.0,0.0,19.0,16.0,2.0,0.0
384,1.0030093826912438,0.9090909090909091,0.00010559337630360869,14.0,11.0,4.0,0.1055933763036087
385,1.0026790416032616,0.9892857142857142,2.9989342571550623e-12,19.0,15.0,4.0,2.9989342571550625e-09
386,1.0,1.0,0.0,25.0,18.0,2.0,0.0
387,1.0,1.0,0.0,18.0,17.0,2.0,0.0
388,1.0166207211222336,0.9789473684210527,3.6006418847130656e-13,21.0,19.0,2.0,3.600641884713066e-10
389,0.9535786536529441,0.9,0.00015997142806871369,17.0,11.0,4.0,0.15997142806871367
390,0.9997837545895778,0.9860139860139862,4.1168959116543284e-09,14.0,12.0,4.0,4.116895911654328e-06
391,0.9893010370069495,0.7965686274509804,0.00012976358194609737,25.0,17.0,4.0,0.12976358194609738
392,1.0009061654907323,0.9929824561403509,3.322159835845131e-17,22.0,19.0,4.0,3.322159835845131e-14
393,1.0124234145373254,0.9566563467492261,5.46578066361063e-10,21.0,18.0,4.0,5.46578066361063e-07
394,0.9996944702330536,0.9941176470588234,6.4339974884469385e-15,21.0,16.0,3.0,6.4339974884469384e-12
395,0.9935430497234433,0.9529411764705882,1.2096579348829016e-08,18.0,16.0,4.0,1.2096579348829016e-05
396,1.0016954131043574,0.9515151515151514,2.279854920641689e-05,14.0,10.0,2.0,0.022798549206416892
397,0.9911831594218203,0.7939393939393938,0.0060999233136969115,15.0,10.0,2.0,6.0999233136969115
398,0.9831826807201902,0.8021978021978022,0.0005563056127922433,16.0,14.0,3.0,0.5563056127922432
399,1.0011654619022603,0.8245614035087718,1.4086328903713013e-05,25.0,19.0,4.0,0.014086328903713013
400,1.0011998734348528,0.8946078431372549,1.262715918438851e-06,21.0,17.0,4.0,0.001262715918438851
401,0.9957356993808631,0.9090909090909092,4.1910446530342335e-05,17.0,12.0,3.0,0.041910446530342337
402,0.9767011826057922,0.7818181818181819,0.0044731622527830394,13.0,11.0,4.0,4.473162252783039
403,1.0024271933527154,0.933952528379773,1.4781482308613607e-08,22.0,18.0,3.0,1.4781482308613606e-05
404,1.0142540964203148,0.745054945054945,0.0022300373167420734,18.0,14.0,2.0,2.2300373167420733
405,0.9936612838254367,0.8505494505494505,0.0001156561589098896,17.0,14.0,4.0,0.1156561589098896
406,1.000169928179737,0.9930069930069931,1.3016730560634403e-10,16.0,12.0,2.0,1.3016730560634403e-07
407,1.000265157204454,0.9720279720279721,1.2868115751495013e-07,16.0,12.0,4.0,0.00012868115751495012
408,1.0016311374534108,0.9803921568627453,5.40869606994842e-12,22.0,17.0,4.0,5.40869606994842e-09
409,0.998226479816123,0.9928571428571428,2.1681214863293047e-13,17.0,15.0,3.0,2.1681214863293048e-10
410,0.9969662326977484,0.9580419580419581,9.5435818268384e-07,17.0,12.0,4.0,0.00095435818268384
411,0.9807087718845917,0.8601398601398602,0.0003316683391269209,15.0,12.0,2.0,0.3316683391269209
412,0.9960140159002799,0.9151515151515152,0.0002044724061488323,15.0,10.0,3.0,0.20447240614883228
413,1.0034663458421538,0.9580419580419581,9.5435818268384e-07,14.0,12.0,2.0,0.00095435818268384
414,0.9904283218608658,0.7412587412587414,0.005801150474478243,14.0,12.0,4.0,5.801150474478243
415,0.9890954238542485,0.8681318681318682,0.00011910255980042727,20.0,13.0,4.0,0.11910255980042728
416,0.9992813435940014,0.9999999999999999,6.646897422032013e-64,11.0,10.0,4.0,6.646897422032013e-61
417,1.0001944229724664,0.9823529411764707,1.3641238342610768e-11,18.0,16.0,3.0,1.3641238342610768e-08
418,1.0003212429400428,0.9669762641898865,6.412439256727504e-11,22.0,18.0,4.0,6.412439256727504e-08
419,1.0000104386261546,0.9945054945054945,3.909411051466979e-12,16.0,13.0,2.0,3.909411051466979e-09
420,1.0003393590620486,0.9970588235294118,5.0655883449921147e-17,21.0,16.0,2.0,5.065588344992115e-14
421,1.0,1.0,0.0,23.0,16.0,2.0,0.0
422,0.9987172986225656,0.9122807017543859,5.3112736359678667e-08,28.0,19.0,3.0,5.3112736359678666e-05
423,1.0014977267666387,0.9725274725274725,2.6191330438273957e-08,20.0,13.0,2.0,2.6191330438273956e-05
424,1.0019327087457253,0.9752321981424149,6.588737187082592e-12,20.0,18.0,2.0,6.588737187082592e-09
425,0.9974627735861678,0.9298245614035087,8.470122190291055e-09,20.0,19.0,3.0,8.470122190291055e-06
426,1.0010864168534839,0.9929824561403509,3.322159835845131e-17,23.0,19.0,3.0,3.322159835845131e-14
427,0.9833606284601323,0.8811188811188813,0.00015267406467669873,13.0,12.0,4.0,0.15267406467669872
428,1.0049648123645472,0.8614035087719297,2.1677933808964403e-06,28.0,19.0,3.0,0.00216779338089644
429,0.9952544530724894,0.9472527472527472,2.7738827125448025e-07,17.0,14.0,4.0,0.00027738827125448024
430,0.9963237258358596,0.9757575757575757,1.4675461874042197e-06,13.0,10.0,2.0,0.0014675461874042197
431,0.9985425925682796,0.989010989010989,1.7507283021964818e-10,17.0,13.0,4.0,1.7507283021964818e-07
432,1.0001745061703684,0.6538461538461539,0.015348516732105476,19.0,13.0,4.0,15.348516732105477
433,0.9812660904286447,0.8441176470588234,3.930242737399878e-05,23.0,16.0,3.0,0.03930242737399878
434,1.0,0.9999999999999999,6.646897422032013e-64,11.0,10.0,3.0,6.646897422032013e-61
435,1.0,0.9999999999999999,6.646897422032013e-64,14.0,10.0,2.0,6.646897422032013e-61
436,1.0077895187038937,0.8999999999999999,4.871970948735606e-06,16.0,15.0,3.0,0.004871970948735606
437,1.0136995329751164,0.9230769230769231,6.851685949643363e-06,19.0,13.0,2.0,0.006851685949643363
438,1.0020805556393815,0.9789473684210527,3.6006418847130656e-13,23.0,19.0,3.0,3.600641884713066e-10
439,0.9988728526681492,0.990909090909091,3.762571807085399e-09,14.0,11.0,3.0,3.762571807085399e-06
440,1.0088972020900346,0.9505494505494506,6.363704773478595e-07,19.0,13.0,3.0,0.0006363704773478595
441,1.0,1.0,0.0,13.0,11.0,2.0,0.0
442,1.000945161049234,0.9941176470588234,6.4339974884469385e-15,23.0,16.0,3.0,6.4339974884469384e-12
443,0.9987736166353866,0.9970588235294118,5.0655883449921147e-17,21.0,16.0,3.0,5.065588344992115e-14
444,1.0,1.0,0.0,17.0,12.0,3.0,0.0
445,0.9976090339928655,0.9032967032967033,9.558659401055547e-06,15.0,14.0,3.0,0.009558659401055547
446,0.9982310213210175,0.7692307692307694,0.0034464502618274493,18.0,12.0,3.0,3.446450261827449
447,1.0005618039760578,0.9428571428571428,4.4409928509609024e-07,15.0,14.0,2.0,0.00044409928509609023
448,0.9960014799473876,0.9363636363636365,2.208207644917754e-05,15.0,11.0,4.0,0.02208207644917754
449,1.0079432063076028,0.9636363636363635,7.320974809529922e-06,13.0,10.0,2.0,0.0073209748095299215
450,1.0076885570487781,0.9210526315789472,2.2361332893791837e-08,24.0,19.0,2.0,2.2361332893791836e-05
451,0.9910879616570614,0.967032967032967,7.064113887175154e-08,15.0,13.0,4.0,7.064113887175154e-05
452,1.002908788191233,0.9859649122807018,1.1746402861484317e-14,25.0,19.0,4.0,1.1746402861484316e-11
453,1.0,1.0,0.0,12.0,11.0,2.0,0.0
454,1.002350132077887,0.980701754385965,1.728841404624303e-13,27.0,19.0,3.0,1.728841404624303e-10
455,0.9926748959522635,0.9440559440559443,3.9272610809659444e-06,18.0,12.0,3.0,0.0039272610809659445
456,1.0,1.0,0.0,17.0,15.0,2.0,0.0
457,0.9957034887383784,0.933952528379773,1.4781482308613607e-08,24.0,18.0,4.0,1.4781482308613606e-05
458,1.004201548804248,0.9272727272727272,0.00011203450639397582,12.0,10.0,2.0,0.11203450639397582
459,0.9953341212062871,0.9087719298245613,7.322731801235527e-08,25.0,19.0,4.0,7.322731801235527e-05
460,0.9981658133094714,0.9736842105263157,2.357054997299057e-12,21.0,19.0,2.0,2.357054997299057e-09
461,0.9893993912918182,0.8424242424242423,0.002220031225916841,12.0,10.0,2.0,2.2200312259168413
462,1.0001321844401034,0.9926470588235295,3.578273822703326e-15,18.0,17.0,2.0,3.578273822703326e-12
463,0.9953979274340897,0.9387254901960785,2.4643824516216592e-08,24.0,17.0,4.0,2.464382451621659e-05
464,0.9979551227482791,0.9558823529411765,2.2056479022281597e-09,23.0,17.0,3.0,2.2056479022281598e-06
465,1.0017267110744428,0.9859649122807018,1.1746402861484317e-14,23.0,19.0,4.0,1.1746402861484316e-11
466,0.9977842282242156,0.9878787878787878,9.307459988955517e-08,11.0,10.0,4.0,9.307459988955517e-05
467,0.998852913895278,0.95,6.08625795805396e-08,21.0,15.0,4.0,6.08625795805396e-05
468,1.0017448266488727,0.9947368421052631,2.8973718112997517e-18,24.0,19.0,3.0,2.8973718112997517e-15
469,1.0,0.9999999999999999,6.646897422032013e-64,15.0,10.0,2.0,6.646897422032013e-61
470,0.9971266212469706,0.9090909090909091,0.00010559337630360869,13.0,11.0,3.0,0.1055933763036087
471,0.9886288277160972,0.6363636363636362,0.04791172612997547,11.0,10.0,4.0,47.91172612997547
472,0.9892270083790842,0.8357142857142855,0.00010444687327713345,16.0,15.0,4.0,0.10444687327713345
473,0.997934667288615,0.9454545454545454,1.118303770149319e-05,13.0,11.0,4.0,0.01118303770149319
474,1.0024065476741642,0.9823529411764707,1.3641238342610768e-11,23.0,16.0,2.0,1.3641238342610768e-08
475,1.0029036057652205,0.9785714285714284,2.64545601239875e-10,23.0,15.0,2.0,2.64545601239875e-07
476,0.9967575237351032,0.9560439560439561,3.365097276351456e-07,17.0,13.0,3.0,0.0003365097276351456
477,0.9863651519084533,0.9,0.00015997142806871369,14.0,11.0,3.0,0.15997142806871367
478,1.0003822400267737,0.985294117647059,6.341615043472023e-13,23.0,17.0,3.0,6.341615043472023e-10
479,0.999900141027757,0.9505494505494506,6.363704773478595e-07,18.0,13.0,3.0,0.0006363704773478595
480,0.992757697795102,0.7527472527472527,0.0029822333891698486,19.0,13.0,4.0,2.9822333891698487
481,1.000915361984492,0.9757575757575757,1.4675461874042197e-06,15.0,10.0,4.0,0.0014675461874042197
482,0.9994340673958684,0.989010989010989,1.7507283021964818e-10,15.0,13.0,3.0,1.7507283021964818e-07
483,0.9776597466517302,0.7090909090909092,0.014552051953727704,14.0,11.0,3.0,14.552051953727704
484,0.9817632078798785,0.7272727272727273,0.011204967253592057,13.0,11.0,4.0,11.204967253592057
485,1.0,1.0,0.0,13.0,12.0,3.0,0.0
486,1.0001174624049611,0.9964285714285712,2.4159793199703443e-15,19.0,15.0,3.0,2.4159793199703444e-12
487,1.0025349845367242,0.8411764705882352,4.442904294313836e-05,18.0,16.0,3.0,0.04442904294313836
488,1.005427195035681,0.8761609907120743,1.8727785396152314e-06,25.0,18.0,3.0,0.0018727785396152315
489,1.0,1.0,0.0,16.0,12.0,2.0,0.0
490,1.0,0.9999999999999999,6.646897422032013e-64,11.0,10.0,3.0,6.646897422032013e-61
491,1.0007423859292741,0.987719298245614,3.79790243650229e-15,20.0,19.0,4.0,3.7979024365022905e-12
492,0.9988935083618832,1.0,0.0,15.0,12.0,3.0,0.0
493,0.9990703316828081,0.7812177502579979,0.00012936386013196713,24.0,18.0,4.0,0.12936386013196713
494,1.0,1.0,0.0,25.0,17.0,2.0,0.0
495,1.0,1.0,0.0,19.0,16.0,2.0,0.0
496,0.9930131219934277,0.8857142857142857,2.5040044989174743e-05,15.0,14.0,4.0,0.025040044989174743
497,1.0005936242965388,0.9878787878787878,9.307459988955517e-08,11.0,10.0,2.0,9.307459988955517e-05
498,1.0002650219099276,0.9956043956043955,1.0315953358848785e-13,15.0,14.0,3.0,1.0315953358848785e-10
499,1.0008489702788474,0.9823529411764707,1.3641238342610768e-11,19.0,16.0,2.0,1.3641238342610768e-08
500,0.995163614167048,0.9636363636363635,7.320974809529922e-06,15.0,10.0,2.0,0.0073209748095299215
501,1.006175000269411,0.7802197802197802,0.0009944938002309496,20.0,14.0,4.0,0.9944938002309496
502,1.0055628967042505,0.9545454545454546,4.988898739949763e-06,14.0,11.0,2.0,0.004988898739949763
503,1.0002824682837335,0.9878787878787878,9.307459988955517e-08,12.0,10.0,2.0,9.307459988955517e-05
504,0.981086198734092,0.5104895104895105,0.08991373630263913,18.0,12.0,4.0,89.91373630263914
505,0.9991117407115421,0.8284313725490197,3.992311055905374e-05,26.0,17.0,2.0,0.03992311055905374
506,1.0,1.0,0.0,12.0,11.0,3.0,0.0
507,0.9889013880957789,0.6004901960784315,0.01080788975245045,23.0,17.0,4.0,10.80788975245045
508,1.0015806901487165,0.8649122807017543,1.7651302951832295e-06,22.0,19.0,3.0,0.0017651302951832294
509,0.9781623966520446,0.8811188811188813,0.00015267406467669873,13.0,12.0,4.0,0.15267406467669872
510,1.0012926413391607,0.9779411764705883,1.2991459842008768e-11,24.0,17.0,3.0,1.2991459842008767e-08
511,1.000188571371951,0.9938080495356036,1.065568864594519e-16,27.0,18.0,2.0,1.065568864594519e-13
512,1.000869121794594,0.9857142857142854,1.92909487460678e-11,17.0,15.0,4.0,1.9290948746067798e-08
513,1.0,1.0,0.0,19.0,17.0,2.0,0.0
514,1.000458970144244,0.9947368421052631,2.8973718112997517e-18,23.0,19.0,3.0,2.8973718112997517e-15
515,1.000006036745937,0.9684210526315788,1.09055586677185e-11,20.0,19.0,4.0,1.0905558667718501e-08
516,0.9994813421646943,0.9860139860139862,4.1168959116543284e-09,13.0,12.0,4.0,4.116895911654328e-06
517,1.0000834989864962,0.9950980392156863,1.7220637266386493e-16,26.0,17.0,4.0,1.7220637266386493e-13
518,0.9983927503361669,0.9678571428571429,3.5965355409315713e-09,22.0,15.0,4.0,3.5965355409315715e-06
519,1.0002962311529155,0.9970588235294118,5.0655883449921147e-17,17.0,16.0,3.0,5.065588344992115e-14
520,1.000873820064906,0.823529411764706,4.857553344934705e-05,24.0,17.0,3.0,0.04857553344934705
521,1.0,1.0,0.0,20.0,19.0,2.0,0.0
522,1.0,1.0,0.0,19.0,18.0,2.0,0.0
523,1.0005776915457063,0.9947368421052631,2.8973718112997517e-18,21.0,19.0,2.0,2.8973718112997517e-15
524,1.0000924192528013,0.988235294117647,8.108881053980581e-13,18.0,16.0,3.0,8.108881053980581e-10
525,0.9974336352068203,0.9878787878787878,9.307459988955517e-08,11.0,10.0,3.0,9.307459988955517e-05
526,1.0071464137971833,0.6923076923076924,0.012593030496094107,16.0,12.0,3.0,12.593030496094107
527,1.0,1.0,0.0,14.0,11.0,2.0,0.0
528,1.0013760757151442,0.7802197802197802,0.0009944938002309496,16.0,14.0,3.0,0.9944938002309496
529,0.9962384784440574,0.8186274509803922,5.876012799925565e-05,20.0,17.0,4.0,0.05876012799925565
530,0.9986450300700335,0.911764705882353,3.5059039795199566e-07,22.0,17.0,3.0,0.00035059039795199565
531,1.0002705871274158,0.9175824175824175,9.906225317564678e-06,15.0,13.0,3.0,0.009906225317564679
532,1.0,1.0,0.0,13.0,12.0,3.0,0.0
533,0.9937897246292243,0.8391608391608393,0.0006428259886278202,15.0,12.0,4.0,0.6428259886278203
534,0.9983774047371748,0.9930069930069931,1.3016730560634403e-10,13.0,12.0,2.0,1.3016730560634403e-07
535,1.0054993383086246,0.8391608391608393,0.0006428259886278202,14.0,12.0,3.0,0.6428259886278203
536,0.9855897302604244,0.881818181818182,0.0003301688021839005,12.0,11.0,4.0,0.3301688021839005
537,1.0025909033170513,0.9340659340659341,1.0279787693084366e-06,21.0,14.0,3.0,0.0010279787693084365
538,1.001792304684716,0.9363636363636365,2.208207644917754e-05,17.0,11.0,3.0,0.02208207644917754
539,1.002887085637676,0.990909090909091,3.762571807085399e-09,13.0,11.0,2.0,3.762571807085399e-06
540,0.9789228628727804,0.8764705882352942,8.439118583861072e-06,23.0,16.0,3.0,0.008439118583861071
541,0.9701725566151457,0.7747252747252747,0.0018713615028719075,18.0,13.0,3.0,1.8713615028719075
542,1.0395777824228971,0.881818181818182,0.0003301688021839005,15.0,11.0,2.0,0.3301688021839005
543,1.0,1.0,0.0,20.0,13.0,4.0,0.0
544,0.9967359370930374,0.8846153846153846,5.9057452171910124e-05,16.0,13.0,4.0,0.05905745217191012
545,1.0088183727681304,0.9604395604395607,5.081053892329076e-08,15.0,14.0,3.0,5.0810538923290756e-05
546,0.9975576475933393,0.9789473684210527,3.6006418847130656e-13,22.0,19.0,4.0,3.600641884713066e-10
547,1.0003894649358611,0.9230769230769231,6.851685949643363e-06,18.0,13.0,4.0,0.006851685949643363
548,1.0000667088063238,0.9749999999999999,7.14370596522927e-10,22.0,15.0,3.0,7.143705965229271e-07
549,0.9830159092118417,0.8769230769230769,3.829698105449934e-05,21.0,14.0,2.0,0.038296981054499336
550,0.9622783034957851,0.7857142857142857,0.0014541896038438224,17.0,13.0,3.0,1.4541896038438225
551,1.0,1.0,0.0,15.0,12.0,2.0,0.0
552,0.9998051364592934,0.9300699300699302,1.170222792865967e-05,16.0,12.0,4.0,0.011702227928659669
553,0.9725925412607335,0.5294117647058825,0.028855722586286214,25.0,17.0,3.0,28.855722586286213
554,1.0031611018832864,0.9941176470588234,6.4339974884469385e-15,18.0,16.0,2.0,6.4339974884469384e-12
555,0.9964674984938097,0.8678571428571429,2.7518063955129248e-05,18.0,15.0,4.0,0.02751806395512925
556,1.0028265930062896,0.9736263736263736,4.5902787925115095e-09,15.0,14.0,3.0,4.59027879251151e-06
557,1.000056747396913,0.7494505494505495,0.0020301455491006457,21.0,14.0,4.0,2.030145549100646
558,1.0006044862324281,0.9757575757575757,1.4675461874042197e-06,13.0,10.0,3.0,0.0014675461874042197
559,1.0001358524498145,0.9752321981424149,6.588737187082592e-12,21.0,18.0,3.0,6.588737187082592e-09
560,1.0015354024403238,0.989010989010989,1.7507283021964818e-10,15.0,13.0,4.0,1.7507283021964818e-07
561,0.9978177526533485,0.9454545454545454,1.118303770149319e-05,12.0,11.0,3.0,0.01118303770149319
562,1.0053739649388325,0.41785714285714276,0.1211725360218785,22.0,15.0,4.0,121.1725360218785
563,0.9912205309342093,0.6181818181818182,0.042645569805326695,15.0,11.0,3.0,42.645569805326694
564,1.0036865552886587,0.9510489510489512,2.0384246324655723e-06,13.0,12.0,3.0,0.002038424632465572
565,0.9946710002563884,0.9790209790209792,3.0898013985487064e-08,16.0,12.0,3.0,3.0898013985487066e-05
566,0.9832308488409216,0.5151515151515151,0.12755286970323423,12.0,10.0,3.0,127.55286970323424
567,1.000316434613093,0.9911764705882352,1.090829151044044e-13,20.0,16.0,3.0,1.090829151044044e-10
568,0.998535819586466,0.9930069930069931,1.3016730560634403e-10,17.0,12.0,3.0,1.3016730560634403e-07
569,1.0072722743855047,0.8617647058823529,1.7805184419815055e-05,19.0,16.0,4.0,0.017805184419815056
570,1.0006343749398903,0.7720588235294118,0.00028201264704692656,22.0,17.0,3.0,0.2820126470469266
571,0.9979913638743554,0.9252747252747253,2.1365703496108153e-06,18.0,14.0,4.0,0.002136570349610815
572,1.0017749287875308,0.9912280701754386,2.200851783163643e-16,24.0,19.0,2.0,2.200851783163643e-13
573,1.0130972338967854,0.9508771929824561,4.392139960503325e-10,27.0,19.0,3.0,4.3921399605033246e-07
574,0.9954100884142071,0.9272727272727272,0.00011203450639397582,13.0,10.0,4.0,0.11203450639397582
575,0.9978955443708472,0.9780219780219779,7.757814031393615e-09,14.0,13.0,3.0,7.757814031393615e-06
576,0.9971009188824638,0.8021978021978022,0.0009687789139250084,14.0,13.0,2.0,0.9687789139250084
577,1.0,1.0,0.0,18.0,13.0,2.0,0.0
578,1.0,1.0,0.0,16.0,12.0,3.0,0.0
579,0.9973380281086033,0.7575757575757575,0.011143446799694208,15.0,10.0,4.0,11.143446799694209
580,0.9869386855462945,0.5636363636363637,0.07095173447637536,15.0,11.0,3.0,70.95173447637536
581,1.0040589936148057,0.9615384615384615,1.631768081069998e-07,20.0,13.0,3.0,0.00016317680810699978
582,1.0037405907392873,0.989010989010989,1.7507283021964818e-10,17.0,13.0,3.0,1.7507283021964818e-07
583,1.0006355817481962,0.9964285714285712,2.4159793199703443e-15,18.0,15.0,3.0,2.4159793199703444e-12
584,1.0031658544596096,0.9387254901960785,2.4643824516216592e-08,26.0,17.0,2.0,2.464382451621659e-05
585,1.0001006884445036,0.9628482972136224,1.62399434830459e-10,27.0,18.0,3.0,1.62399434830459e-07
586,1.0,1.0,0.0,22.0,16.0,2.0,0.0
587,1.0082982057590641,0.6758241758241759,0.011225245577668611,16.0,13.0,4.0,11.22524557766861
588,0.9946334390580394,0.8181818181818182,0.0038149200825507135,12.0,10.0,3.0,3.8149200825507137
589,0.9647981405597065,0.6879120879120879,0.006540042491841914,19.0,14.0,4.0,6.5400424918419136
590,1.0020246124185614,0.9958720330237358,4.184524393267239e-18,23.0,18.0,2.0,4.184524393267239e-15
591,0.9957239935495422,0.881818181818182,0.0003301688021839005,12.0,11.0,4.0,0.3301688021839005
592,1.0070749611523468,0.8649122807017543,1.7651302951832295e-06,24.0,19.0,4.0,0.0017651302951832294
593,1.0,1.0,0.0,28.0,19.0,3.0,0.0
594,1.0,1.0,0.0,19.0,14.0,3.0,0.0
595,0.9957458378594871,0.9285714285714285,4.607427269933694e-06,14.0,13.0,4.0,0.004607427269933693
596,0.9976296469197766,0.8823529411764707,2.777270337958575e-06,23.0,17.0,4.0,0.002777270337958575
597,0.9923798301486274,0.9505494505494506,6.363704773478595e-07,14.0,13.0,3.0,0.0006363704773478595
598,1.0010679585970845,0.9835164835164836,1.611214573209521e-09,18.0,13.0,3.0,1.611214573209521e-06
599,0.9960687156838471,0.9558823529411766,7.760274461610307e-09,18.0,16.0,2.0,7.760274461610308e-06
600,1.0015124933944426,0.9794117647058824,3.982009789755264e-11,24.0,16.0,4.0,3.9820097897552636e-08
601,0.9989724741610005,0.9941176470588234,6.4339974884469385e-15,23.0,16.0,2.0,6.4339974884469384e-12
602,1.0001541051383873,0.7912087912087913,0.0012750239017411194,16.0,13.0,3.0,1.2750239017411193
603,1.000557819658106,0.987719298245614,3.79790243650229e-15,28.0,19.0,2.0,3.7979024365022905e-12
604,0.9834970832231814,0.6043956043956044,0.022056861754616085,21.0,14.0,4.0,22.056861754616087
605,0.9959872742040973,0.9428571428571428,4.4409928509609024e-07,21.0,14.0,3.0,0.00044409928509609023
606,1.0,1.0,0.0,18.0,14.0,2.0,0.0
607,0.9891021469139649,0.8769230769230769,3.829698105449934e-05,17.0,14.0,4.0,0.038296981054499336
608,1.001776416543092,0.9509803921568628,4.79175684831834e-09,18.0,17.0,4.0,4.79175684831834e-06
609,0.9983608980069467,0.9720279720279721,1.2868115751495013e-07,15.0,12.0,4.0,0.00012868115751495012
610,0.9913507976232496,0.9607142857142855,1.3027489790343413e-08,18.0,15.0,4.0,1.3027489790343412e-05
611,0.999063680768485,0.981424148606811,6.725639702470495e-13,27.0,18.0,3.0,6.725639702470495e-10
612,0.9998951831216174,0.8357142857142855,0.00010444687327713345,22.0,15.0,4.0,0.10444687327713345
613,0.9920542052270658,0.9181818181818183,6.661451941355563e-05,14.0,11.0,3.0,0.06661451941355563
614,1.010396820208775,0.9587203302373581,3.723709451215546e-10,19.0,18.0,4.0,3.723709451215546e-07
615,0.9948102321752612,0.881818181818182,0.0003301688021839005,15.0,11.0,2.0,0.3301688021839005
616,1.0020905455100082,0.41818181818181815,0.22911284098281892,14.0,10.0,4.0,229.1128409828189
617,0.9992180513707276,0.9029411764705882,1.677724370594156e-06,24.0,16.0,3.0,0.001677724370594156
618,0.9518208293831654,0.5636363636363636,0.08972402831709125,12.0,10.0,4.0,89.72402831709125
619,0.9918155266137825,0.7363636363636363,0.009759535959916903,13.0,11.0,4.0,9.759535959916903
620,0.9978279878983288,0.9147058823529413,7.011802190203186e-07,22.0,16.0,2.0,0.0007011802190203186
621,0.983415381376468,0.8241758241758241,0.0005302228375973583,20.0,13.0,3.0,0.5302228375973583
622,0.9993125076819445,0.9877450980392157,1.6270834281737186e-13,23.0,17.0,3.0,1.6270834281737186e-10
623,1.0000211262379957,0.9930069930069931,1.3016730560634403e-10,18.0,12.0,2.0,1.3016730560634403e-07
624,0.9956685521772256,0.9411764705882352,5.588937633072717e-08,19.0,16.0,3.0,5.588937633072717e-05
625,0.9917438160303282,0.7500000000000001,0.000525730789939475,22.0,17.0,3.0,0.525730789939475
626,0.9991815375255376,0.9122807017543859,5.3112736359678667e-08,24.0,19.0,4.0,5.3112736359678666e-05
627,1.0000435320971381,0.9868131868131869,7.379504109330886e-11,21.0,14.0,2.0,7.379504109330887e-08
628,1.0021927183436177,0.9545454545454546,4.988898739949763e-06,13.0,11.0,3.0,0.004988898739949763
629,0.9960980854345445,0.9648351648351648,2.5304057544450237e-08,21.0,14.0,4.0,2.5304057544450237e-05
630,1.003014726585199,0.987719298245614,3.79790243650229e-15,22.0,19.0,2.0,3.7979024365022905e-12
631,1.001592247985357,0.8571428571428571,0.0001809340887252406,17.0,13.0,4.0,0.18093408872524058
632,1.000370362439903,0.911764705882353,8.818985741384042e-07,17.0,16.0,4.0,0.0008818985741384042
633,1.005018370318628,0.7508771929824561,0.00021166486305839485,25.0,19.0,3.0,0.21166486305839485
634,0.9974956845267862,0.6923076923076923,0.006071048749990052,21.0,14.0,4.0,6.071048749990052
635,1.0001433579205505,0.9956043956043955,1.0315953358848785e-13,17.0,14.0,3.0,1.0315953358848785e-10
636,0.9895575079748756,0.9300699300699302,1.170222792865967e-05,17.0,12.0,3.0,0.011702227928659669
637,0.9982542151831955,0.9340659340659341,2.998703750099579e-06,15.0,13.0,2.0,0.002998703750099579
638,1.0020954868329814,0.9912087912087912,6.540154944134387e-12,20.0,14.0,2.0,6.540154944134387e-09
639,0.9977107694142715,0.9019607843137255,7.503998901119916e-07,23.0,17.0,4.0,0.0007503998901119916
640,1.0003135479063696,0.9945054945054945,3.909411051466979e-12,14.0,13.0,2.0,3.909411051466979e-09
641,0.9941556989137347,0.8303030303030302,0.0029402270232795065,11.0,10.0,3.0,2.9402270232795065
642,1.0016626862120481,0.9607142857142855,1.3027489790343413e-08,16.0,15.0,4.0,1.3027489790343412e-05
643,1.0006057433142184,0.9912087912087912,6.540154944134387e-12,15.0,14.0,2.0,6.540154944134387e-09
644,0.998209171484261,0.9705882352941178,1.1001306700206495e-10,23.0,17.0,2.0,1.1001306700206495e-07
645,0.9977168360869598,0.985294117647059,6.341615043472023e-13,19.0,17.0,3.0,6.341615043472023e-10
646,0.9957618243653028,0.9515151515151514,2.279854920641689e-05,12.0,10.0,3.0,0.022798549206416892
647,1.000972933017318,0.9878787878787878,9.307459988955517e-08,15.0,10.0,2.0,9.307459988955517e-05
648,0.9975648449434068,0.990909090909091,3.762571807085399e-09,15.0,11.0,3.0,3.762571807085399e-06
649,1.0,1.0,0.0,15.0,14.0,2.0,0.0
650,1.0,1.0,0.0,20.0,18.0,2.0,0.0
651,1.0075383309244248,0.7812177502579979,0.00012936386013196713,19.0,18.0,4.0,0.12936386013196713
652,0.99366000637096,0.9676470588235294,9.132894807195552e-10,18.0,16.0,3.0,9.132894807195552e-07
653,1.0,1.0,0.0,22.0,19.0,3.0,0.0
654,0.9989546372128092,0.9852941176470588,3.836719544768076e-12,18.0,16.0,4.0,3.836719544768076e-09
655,0.9855987215900499,0.8785714285714284,1.6315280286544268e-05,21.0,15.0,4.0,0.01631528028654427
656,1.0,1.0,0.0,20.0,16.0,2.0,0.0
657,1.0038832264727289,0.9803921568627453,5.40869606994842e-12,21.0,17.0,2.0,5.40869606994842e-09
658,1.0210633491368772,0.8315789473684211,1.0211881664518575e-05,20.0,19.0,4.0,0.010211881664518575
659,1.0011343646862152,0.7754385964912281,9.596416633123155e-05,26.0,19.0,4.0,0.09596416633123155
660,1.0,1.0,0.0,27.0,19.0,2.0,0.0
661,1.0009806798411904,0.9824175824175824,4.1071830416421516e-10,21.0,14.0,2.0,4.107183041642152e-07
662,0.9992051097878578,0.9491228070175438,5.883089455182516e-10,28.0,19.0,3.0,5.883089455182516e-07
663,1.0,0.9999999999999999,6.646897422032013e-64,15.0,10.0,2.0,6.646897422032013e-61
664,1.0,1.0,0.0,12.0,11.0,2.0,0.0
665,1.0007153794669081,0.9929824561403509,3.322159835845131e-17,25.0,19.0,4.0,3.322159835845131e-14
666,1.0,0.9999999999999999,6.646897422032013e-64,13.0,10.0,2.0,6.646897422032013e-61
667,1.000805323740143,0.9970588235294118,5.0655883449921147e-17,17.0,16.0,3.0,5.065588344992115e-14
668,1.0005491430213687,0.9411764705882352,5.588937633072717e-08,24.0,16.0,4.0,5.588937633072717e-05
669,0.999222029351057,0.7575757575757575,0.011143446799694208,14.0,10.0,3.0,11.143446799694209
670,0.9995115235842394,0.6747252747252748,0.008117706397553251,21.0,14.0,4.0,8.11770639755325
671,1.0,1.0,0.0,28.0,19.0,2.0,0.0
672,1.0000611903925092,0.9930069930069931,1.3016730560634403e-10,15.0,12.0,3.0,1.3016730560634403e-07
673,0.9969030230524141,0.9647058823529412,1.6662077463303436e-09,23.0,16.0,3.0,1.6662077463303437e-06
674,1.0116137195656623,0.9340659340659341,2.998703750099579e-06,14.0,13.0,3.0,0.002998703750099579
675,1.0079761431811465,0.9956043956043955,1.0315953358848785e-13,16.0,14.0,2.0,1.0315953358848785e-10
676,1.0026831295815946,0.9636363636363637,1.852039864070312e-06,13.0,11.0,2.0,0.001852039864070312
677,1.0,1.0,0.0,17.0,13.0,2.0,0.0
678,1.0020867556829847,0.9912280701754386,2.200851783163643e-16,24.0,19.0,4.0,2.200851783163643e-13
679,0.9366310861241113,0.8060606060606059,0.004862061101964606,13.0,10.0,2.0,4.862061101964606
680,1.0013753539538621,0.8357142857142855,0.00010444687327713345,19.0,15.0,2.0,0.10444687327713345
681,1.0003398037268738,0.9970588235294118,5.0655883449921147e-17,19.0,16.0,3.0,5.065588344992115e-14
682,0.9976260554005306,0.956043956043956,9.469782144566512e-08,17.0,14.0,3.0,9.469782144566512e-05
683,1.0,1.0,0.0,13.0,11.0,2.0,0.0
684,0.9954135013457317,0.8921568627450982,1.4893515661379568e-06,19.0,17.0,3.0,0.001489351566137957
685,1.0,1.0,0.0,24.0,19.0,3.0,0.0
686,0.9936404738454953,0.9607843137254902,9.249159927780467e-10,19.0,17.0,3.0,9.249159927780467e-07
687,0.9966956148911374,0.9166666666666667,2.317116555636978e-07,24.0,17.0,2.0,0.00023171165556369781
688,1.0000784583387967,0.9970588235294118,5.0655883449921147e-17,18.0,16.0,3.0,5.065588344992115e-14
689,1.0,1.0,0.0,23.0,19.0,3.0,0.0
690,0.9994851515665166,1.0,0.0,19.0,15.0,2.0,0.0
691,0.9948112437626877,0.9235294117647058,3.3439000100406954e-07,18.0,16.0,3.0,0.00033439000100406955
692,0.9991416338950874,0.9701754385964911,6.748959468606627e-12,26.0,19.0,4.0,6.748959468606627e-09
693,1.001118680114217,0.9669762641898865,6.412439256727504e-11,25.0,18.0,4.0,6.412439256727504e-08
694,0.9999940636117362,0.9785714285714284,2.64545601239875e-10,22.0,15.0,3.0,2.64545601239875e-07
695,1.0003704503822215,0.9930069930069931,1.3016730560634403e-10,14.0,12.0,2.0,1.3016730560634403e-07
696,0.9892076591825228,0.9363636363636365,2.208207644917754e-05,16.0,11.0,3.0,0.02208207644917754
697,0.9951308638701826,0.9300699300699302,1.170222792865967e-05,16.0,12.0,3.0,0.011702227928659669
698,1.0016473104939048,0.8740970072239421,2.123130093783671e-06,26.0,18.0,2.0,0.002123130093783671
699,0.9960409924229665,0.932142857142857,4.2412182315433434e-07,19.0,15.0,3.0,0.0004241218231543343
700,1.000089334095548,0.9785714285714284,2.64545601239875e-10,16.0,15.0,3.0,2.64545601239875e-07
701,1.002620890613965,0.9714285714285713,1.6870764886091287e-09,19.0,15.0,4.0,1.6870764886091287e-06
702,0.9975829776344336,0.9607142857142855,1.3027489790343413e-08,22.0,15.0,4.0,1.3027489790343412e-05
703,1.0,1.0,0.0,26.0,19.0,2.0,0.0
704,1.0006496367631035,0.9785714285714284,2.64545601239875e-10,18.0,15.0,3.0,2.64545601239875e-07
705,1.0008807819927528,0.9868131868131869,7.379504109330886e-11,18.0,14.0,2.0,7.379504109330887e-08
706,1.0,1.0,0.0,15.0,12.0,2.0,0.0
707,1.001658615756587,0.9878787878787878,9.307459988955517e-08,15.0,10.0,2.0,9.307459988955517e-05
708,0.9894011605082228,0.8637362637362638,6.846377605646043e-05,20.0,14.0,4.0,0.06846377605646042
709,0.9955004581969752,0.9604395604395607,5.081053892329076e-08,17.0,14.0,3.0,5.0810538923290756e-05
710,0.9980203815083831,0.9860139860139862,4.1168959116543284e-09,18.0,12.0,4.0,4.116895911654328e-06
711,1.0004430679180079,0.9912280701754386,2.200851783163643e-16,28.0,19.0,4.0,2.200851783163643e-13
712,0.9957246791883244,0.9727272727272729,5.14217704904919e-07,16.0,11.0,3.0,0.000514217704904919
713,0.9500784086690626,0.8681318681318682,0.00011910255980042727,18.0,13.0,4.0,0.11910255980042728
714,0.9991145953144173,0.9631578947368421,3.9711483435074036e-11,26.0,19.0,2.0,3.9711483435074036e-08
715,1.0013902234165148,0.9896800825593396,6.262894222146963e-15,25.0,18.0,3.0,6.262894222146963e-12
716,1.0120631611360589,0.9727272727272729,5.14217704904919e-07,12.0,11.0,3.0,0.000514217704904919
717,1.0002745711170484,0.9945054945054945,3.909411051466979e-12,19.0,13.0,3.0,3.909411051466979e-09
718,0.9997630170385855,0.9956043956043955,1.0315953358848785e-13,19.0,14.0,3.0,1.0315953358848785e-10
719,0.995927614995085,0.990909090909091,3.762571807085399e-09,12.0,11.0,2.0,3.762571807085399e-06
720,0.9995469631833733,0.882456140350877,5.7571653259752e-07,22.0,19.0,4.0,0.00057571653259752
721,1.000784676507031,0.9752321981424149,6.588737187082592e-12,25.0,18.0,2.0,6.588737187082592e-09
722,1.000704990530225,0.9970588235294118,5.0655883449921147e-17,17.0,16.0,3.0,5.065588344992115e-14
723,1.000042344840154,0.9956043956043955,1.0315953358848785e-13,20.0,14.0,2.0,1.0315953358848785e-10
724,1.0000139689352403,0.9975490196078433,9.580348013919738e-19,19.0,17.0,2.0,9.580348013919737e-16
725,1.0077180101218972,0.8428571428571429,7.967195252724858e-05,17.0,15.0,3.0,0.07967195252724858
726,1.00223179682838,0.9510489510489512,2.0384246324655723e-06,16.0,12.0,2.0,0.002038424632465572
727,1.008508693182324,0.9382352941176471,7.802219772943016e-08,20.0,16.0,3.0,7.802219772943017e-05
728,1.0145610396865459,0.9571428571428571,2.2736751556259742e-08,17.0,15.0,2.0,2.273675155625974e-05
729,1.0156786271811777,0.9264705882352942,2.5613970650477537e-07,20.0,16.0,4.0,0.0002561397065047754
730,0.9922159140392031,0.832967032967033,0.00021655091041646997,16.0,14.0,2.0,0.21655091041646998
731,0.9884058793797149,0.8461538461538463,0.000521133700481005,16.0,12.0,4.0,0.521133700481005
732,0.9995068086785147,0.9834881320949431,2.6382891204281573e-13,19.0,18.0,3.0,2.6382891204281575e-10
733,0.9983550856581324,0.8787878787878788,0.0008138621117322101,12.0,10.0,2.0,0.8138621117322101
734,1.0003601269832645,0.9970588235294118,5.0655883449921147e-17,19.0,16.0,2.0,5.065588344992115e-14
735,1.0134338809596763,0.8666666666666665,0.0011735381801554687,13.0,10.0,3.0,1.1735381801554687
736,0.9864071019949013,0.856140350877193,2.9205384427799566e-06,26.0,19.0,4.0,0.0029205384427799567
737,0.9947979419896028,0.7032967032967032,0.007318569842104322,19.0,13.0,2.0,7.3185698421043215
738,1.0,1.0,0.0,19.0,18.0,2.0,0.0
739,0.9950917260314797,0.8787878787878788,0.0008138621117322101,13.0,10.0,4.0,0.8138621117322101
740,0.9991943640255189,1.0,0.0,22.0,18.0,2.0,0.0
741,1.0040339413882609,0.9090909090909092,4.1910446530342335e-05,16.0,12.0,2.0,0.041910446530342337
742,0.9997305466190686,0.9684210526315788,1.09055586677185e-11,22.0,19.0,3.0,1.0905558667718501e-08
743,1.0022462867106374,0.9958720330237358,4.184524393267239e-18,24.0,18.0,2.0,4.184524393267239e-15
744,0.9999616156437762,0.9834881320949431,2.6382891204281573e-13,19.0,18.0,4.0,2.6382891204281575e-10
745,1.0014352915854856,0.9735294117647059,2.276897655666222e-10,18.0,16.0,3.0,2.2768976556662218e-07
746,1.0084515472994593,0.9736263736263736,4.5902787925115095e-09,17.0,14.0,3.0,4.59027879251151e-06
747,1.0022542530300154,0.8857142857142855,1.1199821851208484e-05,21.0,15.0,4.0,0.011199821851208484
748,0.994251328647426,0.7362637362637363,0.0026764473596131945,16.0,14.0,4.0,2.6764473596131944
749,0.9994530905735849,0.9979360165118679,1.6451231715312417e-20,19.0,18.0,3.0,1.6451231715312417e-17
750,0.9980571350993139,0.9749999999999999,7.14370596522927e-10,22.0,15.0,2.0,7.143705965229271e-07
751,1.0008190144374702,0.9122807017543859,5.3112736359678667e-08,28.0,19.0,4.0,5.3112736359678666e-05
752,1.0009567209180807,0.8789473684210527,7.301515066283608e-07,22.0,19.0,4.0,0.0007301515066283607
753,1.0000414469788212,0.9982456140350877,2.579846712328762e-22,23.0,19.0,3.0,2.579846712328762e-19
754,1.00265896560523,0.9714285714285713,1.6870764886091287e-09,16.0,15.0,2.0,1.6870764886091287e-06
755,1.0029113544464574,0.975438596491228,1.3190643557743196e-12,28.0,19.0,2.0,1.3190643557743195e-09
756,0.9949609962232052,0.9338235294117647,4.3263269874737686e-08,23.0,17.0,4.0,4.3263269874737685e-05
757,1.0042329793004807,0.7352941176470589,0.0011716155350991778,20.0,16.0,4.0,1.171615535099178
758,0.9359537343046527,0.5393939393939393,0.1075931877824148,13.0,10.0,4.0,107.5931877824148
759,0.9945670770432505,0.9256965944272446,3.6936283769727216e-08,19.0,18.0,4.0,3.693628376972722e-05
760,1.0005412164126812,0.9868131868131869,7.379504109330886e-11,20.0,14.0,3.0,7.379504109330887e-08
761,0.9882682798975405,0.9428571428571428,4.4409928509609024e-07,16.0,14.0,4.0,0.00044409928509609023
762,0.998611681546622,0.9947368421052631,2.8973718112997517e-18,20.0,19.0,4.0,2.8973718112997517e-15
763,1.0,1.0,0.0,16.0,13.0,2.0,0.0
764,0.9995736963961717,0.9779411764705883,1.2991459842008768e-11,19.0,17.0,2.0,1.2991459842008767e-08
765,1.0000434662104518,0.9982456140350877,2.579846712328762e-22,21.0,19.0,2.0,2.579846712328762e-19
766,0.9840294527405333,0.8181818181818182,0.0038149200825507135,11.0,10.0,4.0,3.8149200825507137
767,0.9999988395227483,0.9975490196078433,9.580348013919738e-19,23.0,17.0,4.0,9.580348013919737e-16
768,1.0051989856930987,0.9678571428571429,3.5965355409315713e-09,18.0,15.0,4.0,3.5965355409315715e-06
769,0.9847927265753337,0.8294117647058824,7.088454064639912e-05,18.0,16.0,4.0,0.07088454064639911
770,0.999297556360289,0.8039215686274511,0.0001007394030010668,21.0,17.0,3.0,0.1007394030010668
771,0.9988771553916209,0.8392857142857142,9.136935846519936e-05,22.0,15.0,4.0,0.09136935846519936
772,1.0071265548814083,0.9363636363636365,2.208207644917754e-05,15.0,11.0,3.0,0.02208207644917754
773,1.0023047046905593,0.9912280701754386,2.200851783163643e-16,24.0,19.0,3.0,2.200851783163643e-13
774,1.004241021271797,0.9692307692307693,1.1465229425475097e-08,18.0,14.0,2.0,1.1465229425475098e-05
775,1.0004510419560575,0.9912280701754386,2.200851783163643e-16,20.0,19.0,2.0,2.200851783163643e-13
776,0.9976847995448851,0.9160839160839163,2.8428045348547105e-05,17.0,12.0,3.0,0.028428045348547103
777,1.006223637269009,0.8740970072239421,2.123130093783671e-06,25.0,18.0,3.0,0.002123130093783671
778,1.0034110988381368,0.8175438596491227,1.9166593666400625e-05,28.0,19.0,2.0,0.019166593666400625
779,0.9880970000166217,0.6747252747252748,0.008117706397553251,19.0,14.0,3.0,8.11770639755325
780,1.0,1.0,0.0,18.0,16.0,3.0,0.0
781,1.002760642849005,0.9178571428571428,1.4176968515006258e-06,18.0,15.0,4.0,0.0014176968515006258
782,0.9983006143739933,0.7274725274725276,0.00319061631898815,18.0,14.0,4.0,3.19061631898815
783,0.9678112802513594,0.32867132867132864,0.2969041156887641,18.0,12.0,4.0,296.90411568876414
784,0.9977448574656163,0.9938080495356036,1.065568864594519e-16,22.0,18.0,2.0,1.065568864594519e-13
785,1.0049439393399815,0.967032967032967,7.064113887175154e-08,15.0,13.0,2.0,7.064113887175154e-05
786,1.0,1.0,0.0,27.0,18.0,2.0,0.0
787,1.0,1.0,0.0,14.0,11.0,2.0,0.0
788,0.9993313917775674,0.9823529411764707,1.3641238342610768e-11,23.0,16.0,3.0,1.3641238342610768e-08
789,0.9775045676044936,0.3636363636363637,0.2452650007307772,18.0,12.0,2.0,245.2650007307772
790,0.9991440298785195,0.982142857142857,8.15733350897873e-11,22.0,15.0,2.0,8.15733350897873e-08
791,1.0042080912002418,0.989010989010989,1.7507283021964818e-10,16.0,13.0,4.0,1.7507283021964818e-07
792,1.0,1.0,0.0,17.0,16.0,2.0,0.0
793,0.9647324493746144,0.8681318681318682,0.00011910255980042727,19.0,13.0,4.0,0.11910255980042728
794,1.0045697370932707,0.9296703296703297,1.499525070329149e-06,18.0,14.0,3.0,0.001499525070329149
795,1.0073104291232304,0.9736263736263736,4.5902787925115095e-09,15.0,14.0,2.0,4.59027879251151e-06
796,1.0014272860778792,0.9731682146542827,1.2418823458351716e-11,23.0,18.0,4.0,1.2418823458351716e-08
797,0.9855506200343473,0.8090909090909091,0.002558580199713915,14.0,11.0,4.0,2.5585801997139153
798,1.0049052859005994,0.9249999999999998,7.987462113818468e-07,20.0,15.0,2.0,0.0007987462113818468
799,0.9980397842646217,0.9855521155830752,9.124170334062525e-14,22.0,18.0,4.0,9.124170334062525e-11
800,0.9978591515273681,0.6464285714285712,0.009214550689979985,22.0,15.0,2.0,9.214550689979985
801,0.9999081625563503,0.9956043956043955,1.0315953358848785e-13,18.0,14.0,2.0,1.0315953358848785e-10
802,0.9997569121797429,0.9771929824561404,7.06769744556743e-13,28.0,19.0,3.0,7.06769744556743e-10
803,0.9917260363106618,0.907142857142857,3.0633105354938657e-06,16.0,15.0,4.0,0.003063310535493866
804,0.9964874550553574,0.967032967032967,7.064113887175154e-08,15.0,13.0,2.0,7.064113887175154e-05
805,1.0001151904220997,0.9970588235294118,5.0655883449921147e-17,19.0,16.0,2.0,5.065588344992115e-14
806,0.9990989979227235,0.9395604395604396,1.8782484299388895e-06,20.0,13.0,3.0,0.0018782484299388895
807,0.9910191518014675,0.8555211558307534,6.005632918162668e-06,19.0,18.0,4.0,0.006005632918162669
808,1.0017684669027198,0.9560439560439561,3.365097276351456e-07,19.0,13.0,3.0,0.0003365097276351456
809,0.9999999999999999,1.0,0.0,18.0,16.0,4.0,0.0
810,0.9864970855588417,0.8147058823529412,0.00012130950572235612,21.0,16.0,4.0,0.12130950572235612
811,1.0063358034881067,0.8741258741258742,0.00020071307332423193,18.0,12.0,4.0,0.20071307332423194
812,1.0,1.0,0.0,23.0,17.0,2.0,0.0
813,0.9901142568664514,0.8901098901098902,4.565437440744702e-05,15.0,13.0,3.0,0.045654374407447025
814,0.9776196920168432,0.6249999999999999,0.012727453511233668,21.0,15.0,2.0,12.727453511233668
815,0.9972626061229788,0.8999999999999999,4.871970948735606e-06,18.0,15.0,4.0,0.004871970948735606
816,1.0001629767922162,0.9956043956043955,1.0315953358848785e-13,19.0,14.0,4.0,1.0315953358848785e-10
817,1.0009629790841117,0.8181818181818182,0.0020831448404786904,16.0,11.0,4.0,2.0831448404786905
818,1.0129692665009458,0.9878787878787878,9.307459988955517e-08,13.0,10.0,2.0,9.307459988955517e-05
819,0.9895566675301264,0.3714285714285714,0.17284974708033998,18.0,15.0,4.0,172.84974708034
820,1.0,1.0,0.0,19.0,16.0,2.0,0.0
821,1.0,0.9999999999999999,6.646897422032013e-64,15.0,10.0,2.0,6.646897422032013e-61
822,1.016838541114801,0.901098901098901,2.613862202954826e-05,18.0,13.0,3.0,0.02613862202954826
823,1.000901878991159,0.9945054945054945,3.909411051466979e-12,14.0,13.0,2.0,3.909411051466979e-09
824,0.9950632531074887,0.8406593406593407,0.00031907124069371434,16.0,13.0,4.0,0.31907124069371434
825,0.9913005074409053,0.8272727272727273,0.001676973896452378,12.0,11.0,3.0,1.6769738964523782
826,1.0,1.0,0.0,15.0,13.0,2.0,0.0
827,0.9999044390940077,0.9860139860139862,4.1168959116543284e-09,13.0,12.0,3.0,4.116895911654328e-06
828,0.9941553864579288,0.990909090909091,3.762571807085399e-09,17.0,11.0,3.0,3.762571807085399e-06
829,0.9748786989846847,0.4787878787878787,0.1615229280174558,14.0,10.0,2.0,161.5229280174558
830,0.9954387007288767,0.8681318681318682,0.00011910255980042727,18.0,13.0,3.0,0.11910255980042728
831,0.9989948173897083,0.9727272727272729,5.14217704904919e-07,12.0,11.0,4.0,0.000514217704904919
832,1.0,1.0,0.0,19.0,13.0,2.0,0.0
833,0.9998568217501467,0.9859649122807018,1.1746402861484317e-14,28.0,19.0,3.0,1.1746402861484316e-11
834,1.0060603334283202,0.8735294117647058,9.869651666147378e-06,17.0,16.0,3.0,0.009869651666147379
835,1.0,1.0,0.0,18.0,17.0,2.0,0.0
836,0.9968092182178211,0.9719298245614034,4.0553496335086995e-12,28.0,19.0,3.0,4.0553496335087e-09
837,0.9947659067036377,0.8424242424242423,0.002220031225916841,15.0,10.0,4.0,2.2200312259168413
838,1.003161190025572,0.790909090909091,0.003746082953397406,15.0,11.0,3.0,3.7460829533974063
839,0.9940109095306936,0.8499999999999999,5.995888525311016e-05,19.0,15.0,2.0,0.05995888525311016
840,1.0009706817782875,0.9749999999999999,7.14370596522927e-10,23.0,15.0,4.0,7.143705965229271e-07
841,1.0041432158539318,0.9859649122807018,1.1746402861484317e-14,27.0,19.0,2.0,1.1746402861484316e-11
842,0.9999004003374689,0.9877450980392157,1.6270834281737186e-13,23.0,17.0,2.0,1.6270834281737186e-10
843,0.9987827161287534,0.9720279720279721,1.2868115751495013e-07,16.0,12.0,4.0,0.00012868115751495012
844,1.0031686919020824,0.9340659340659341,2.998703750099579e-06,17.0,13.0,2.0,0.002998703750099579
845,0.9993202588822673,0.9263157894736841,1.2668617852904773e-08,28.0,19.0,4.0,1.2668617852904772e-05
846,1.000652704652704,0.9911764705882352,1.090829151044044e-13,24.0,16.0,2.0,1.090829151044044e-10
847,1.000090982673858,0.9878787878787878,9.307459988955517e-08,14.0,10.0,3.0,9.307459988955517e-05
848,0.9968973989449103,0.9642857142857141,7.072303009204256e-09,21.0,15.0,3.0,7.0723030092042555e-06
849,1.00182481928741,0.988235294117647,8.108881053980581e-13,21.0,16.0,2.0,8.108881053980581e-10
850,0.9866944749719302,0.7350877192982455,0.00033635480177547986,26.0,19.0,4.0,0.33635480177547983
851,1.0,1.0,0.0,22.0,19.0,2.0,0.0
852,0.9999883919427924,0.9824175824175824,4.1071830416421516e-10,17.0,14.0,2.0,4.107183041642152e-07
853,1.0011829730244004,0.9928571428571428,2.1681214863293047e-13,20.0,15.0,2.0,2.1681214863293048e-10
854,1.0020480477271092,0.9681372549019608,1.9909901926022065e-10,25.0,17.0,2.0,1.9909901926022066e-07
855,0.9992446524358664,0.980701754385965,1.728841404624303e-13,29.0,19.0,3.0,1.728841404624303e-10
856,0.9993264589517193,0.9472527472527472,2.7738827125448025e-07,16.0,14.0,3.0,0.00027738827125448024
857,0.9823459702053614,0.6176470588235293,0.010787984601948835,24.0,16.0,3.0,10.787984601948835
858,0.9990505940604885,0.9470588235294116,2.715731165956679e-08,21.0,16.0,2.0,2.715731165956679e-05
859,1.003725145238418,0.9719298245614034,4.0553496335086995e-12,26.0,19.0,2.0,4.0553496335087e-09
860,1.0000582807788725,0.9860139860139862,4.1168959116543284e-09,15.0,12.0,2.0,4.116895911654328e-06
861,0.9897818815182493,0.6351648351648352,0.01465788132728914,15.0,14.0,3.0,14.65788132728914
862,1.0031758856415052,0.9705882352941178,1.1001306700206495e-10,22.0,17.0,2.0,1.1001306700206495e-07
863,1.0030685307349079,0.9790209790209792,3.0898013985487064e-08,15.0,12.0,4.0,3.0898013985487066e-05
864,1.0,1.0,0.0,18.0,14.0,3.0,0.0
865,0.9950818320845906,0.8901098901098902,4.565437440744702e-05,20.0,13.0,3.0,0.045654374407447025
866,1.0014075539186054,0.9333333333333333,5.543728746092589e-09,24.0,19.0,4.0,5.543728746092589e-06
867,1.0007584406412784,0.9725274725274725,2.6191330438273957e-08,18.0,13.0,3.0,2.6191330438273956e-05
868,0.9966813952700466,0.8637362637362638,6.846377605646043e-05,20.0,14.0,3.0,0.06846377605646042
869,0.9850776648274872,0.8714285714285712,2.3236477821632676e-05,16.0,15.0,4.0,0.023236477821632677
870,0.994837996886268,0.890608875128999,7.277473705445721e-07,23.0,18.0,3.0,0.0007277473705445721
871,1.0007439152093345,0.9894736842105263,1.0305395814380572e-15,26.0,19.0,2.0,1.030539581438057e-12
872,0.9972073746012795,0.9473684210526316,7.800829220458973e-10,22.0,19.0,4.0,7.800829220458973e-07
873,1.0,0.9999999999999999,6.646897422032013e-64,11.0,10.0,2.0,6.646897422032013e-61
874,0.9983572940023147,0.9857142857142854,1.92909487460678e-11,20.0,15.0,4.0,1.9290948746067798e-08
875,0.9977573142184245,0.7735294117647058,0.0004393556517117217,20.0,16.0,4.0,0.4393556517117217
876,1.0,1.0,0.0,22.0,15.0,4.0,0.0
877,1.0059128272813875,0.928921568627451,7.287799106752729e-08,20.0,17.0,2.0,7.287799106752728e-05
878,0.9381501823063859,0.5164835164835165,0.05863716344127844,19.0,14.0,4.0,58.637163441278446
879,0.9922061592734461,0.9560439560439561,3.365097276351456e-07,17.0,13.0,4.0,0.0003365097276351456
880,1.0004776114351022,0.9535714285714283,3.792440041183125e-08,18.0,15.0,3.0,3.7924400411831246e-05
881,1.0,1.0,0.0,16.0,13.0,2.0,0.0
882,0.9994129731096518,0.9510489510489512,2.0384246324655723e-06,16.0,12.0,3.0,0.002038424632465572
883,1.0061655661362665,0.9215686274509803,5.617518611953259e-08,23.0,18.0,3.0,5.617518611953259e-05
884,1.0034776500366338,0.990909090909091,3.762571807085399e-09,12.0,11.0,2.0,3.762571807085399e-06
885,1.0,1.0,0.0,18.0,14.0,3.0,0.0
886,1.0,1.0,0.0,17.0,13.0,2.0,0.0
887,0.9987059749958405,0.9120879120879121,1.3975552674444554e-05,16.0,13.0,3.0,0.013975552674444554
888,1.0003092712642332,0.990909090909091,3.762571807085399e-09,14.0,11.0,2.0,3.762571807085399e-06
889,0.9962425954984243,0.8601398601398602,0.0003316683391269209,15.0,12.0,2.0,0.3316683391269209
890,1.0000450409338546,0.9964912280701754,9.285165080058482e-20,27.0,19.0,3.0,9.285165080058481e-17
891,0.9906670063710826,0.9350877192982456,4.446148370750682e-09,26.0,19.0,3.0,4.446148370750682e-06
892,0.9946288426195279,0.8929824561403509,2.691283351047668e-07,25.0,19.0,4.0,0.0002691283351047668
893,0.9988284258716821,0.9393939393939393,5.484052998513666e-05,15.0,10.0,3.0,0.05484052998513666
894,0.9966679465903907,0.9636363636363635,7.320974809529922e-06,13.0,10.0,3.0,0.0073209748095299215
895,1.0006676543968651,0.9964285714285712,2.4159793199703443e-15,18.0,15.0,2.0,2.4159793199703444e-12
896,0.9988611591777194,0.9818181818181818,8.403066433955246e-08,13.0,11.0,4.0,8.403066433955245e-05
897,0.9989546260368046,0.956043956043956,9.469782144566512e-08,18.0,14.0,2.0,9.469782144566512e-05
898,0.9753195614702843,0.9151515151515152,0.0002044724061488323,11.0,10.0,3.0,0.20447240614883228
899,0.9962746651469151,0.9587203302373581,3.723709451215546e-10,25.0,18.0,4.0,3.723709451215546e-07
900,1.0044182488895816,0.9019607843137255,7.503998901119916e-07,20.0,17.0,4.0,0.0007503998901119916
901,0.978652224401399,0.3029411764705882,0.25406688060961147,21.0,16.0,4.0,254.06688060961147
902,0.9725997316898004,0.5734265734265735,0.051265589786491435,14.0,12.0,4.0,51.26558978649143
903,0.9967387098876936,0.807142857142857,0.0002752442706954192,19.0,15.0,4.0,0.27524427069541924
904,0.9976117520325383,0.9684210526315788,1.09055586677185e-11,23.0,19.0,3.0,1.0905558667718501e-08
905,1.0,1.0,0.0,20.0,15.0,2.0,0.0
906,1.0000704324476455,0.9945054945054945,3.909411051466979e-12,18.0,13.0,2.0,3.909411051466979e-09
907,0.9967657627689069,0.9604395604395607,5.081053892329076e-08,16.0,14.0,4.0,5.0810538923290756e-05
908,1.0,1.0,0.0,22.0,16.0,2.0,0.0
909,0.9857034294505045,0.709090909090909,0.021665923367532435,14.0,10.0,4.0,21.665923367532436
910,1.0035058524812341,0.7588235294117647,0.0006540302361647908,20.0,16.0,4.0,0.6540302361647908
911,1.0000015451860427,0.9979360165118679,1.6451231715312417e-20,23.0,18.0,4.0,1.6451231715312417e-17
912,0.9891942319958104,0.8921568627450982,1.4893515661379568e-06,25.0,17.0,3.0,0.001489351566137957
913,1.0036207075777568,0.9357142857142854,3.010645621400815e-07,21.0,15.0,4.0,0.00030106456214008153
914,0.9958186429871441,0.9272727272727272,0.00011203450639397582,12.0,10.0,2.0,0.11203450639397582
915,0.9979635365977995,0.8846153846153846,5.9057452171910124e-05,18.0,13.0,2.0,0.05905745217191012
916,0.9984082737460424,0.9545454545454546,4.988898739949763e-06,12.0,11.0,4.0,0.004988898739949763
917,1.0005908877518686,0.9928571428571428,2.1681214863293047e-13,17.0,15.0,3.0,2.1681214863293048e-10
918,1.0,1.0,0.0,17.0,14.0,2.0,0.0
919,0.9987922236723299,0.9956043956043955,1.0315953358848785e-13,19.0,14.0,3.0,1.0315953358848785e-10
920,0.9911206104613629,0.9510489510489512,2.0384246324655723e-06,15.0,12.0,3.0,0.002038424632465572
921,1.0,1.0,0.0,13.0,11.0,2.0,0.0
922,1.011171458350221,0.9440559440559443,3.9272610809659444e-06,17.0,12.0,3.0,0.0039272610809659445
923,0.9949004651319485,0.9604395604395607,5.081053892329076e-08,16.0,14.0,2.0,5.0810538923290756e-05
924,0.9958680353180623,0.7818181818181819,0.0044731622527830394,13.0,11.0,3.0,4.473162252783039
925,0.9966993595882173,0.9020979020979022,5.9978574465377e-05,18.0,12.0,2.0,0.059978574465377
926,1.0001893773148745,0.9947368421052631,2.8973718112997517e-18,21.0,19.0,4.0,2.8973718112997517e-15
927,1.0056659409433617,0.9604395604395607,5.081053892329076e-08,19.0,14.0,3.0,5.0810538923290756e-05
928,1.000793595798825,0.9771929824561404,7.06769744556743e-13,22.0,19.0,4.0,7.06769744556743e-10
929,0.9937904695377376,0.956043956043956,9.469782144566512e-08,15.0,14.0,3.0,9.469782144566512e-05
930,1.0,1.0,0.0,17.0,13.0,2.0,0.0
931,0.9939436526871156,0.8964285714285712,6.066143021729969e-06,17.0,15.0,4.0,0.006066143021729969
932,1.0,1.0,0.0,17.0,15.0,3.0,0.0
933,0.9983038570287064,0.9535714285714283,3.792440041183125e-08,16.0,15.0,3.0,3.7924400411831246e-05
934,1.0,1.0,0.0,14.0,12.0,2.0,0.0
935,1.0002764342968702,0.9705882352941176,4.723401127287032e-10,24.0,16.0,4.0,4.7234011272870323e-07
936,0.9969862737777543,0.9956043956043955,1.0315953358848785e-13,17.0,14.0,3.0,1.0315953358848785e-10
937,1.0030995919689207,0.985294117647059,6.341615043472023e-13,19.0,17.0,2.0,6.341615043472023e-10
938,1.0000924238469484,0.9878787878787878,9.307459988955517e-08,12.0,10.0,4.0,9.307459988955517e-05
939,0.9940788466853284,0.7214285714285712,0.002398868072673344,23.0,15.0,4.0,2.398868072673344
940,1.0,1.0,0.0,23.0,19.0,2.0,0.0
941,0.999360538729841,0.9911764705882352,1.090829151044044e-13,17.0,16.0,4.0,1.090829151044044e-10
942,0.9724830003961976,0.8035714285714284,0.00030726503181250915,23.0,15.0,3.0,0.30726503181250914
943,1.0,1.0,0.0,13.0,11.0,3.0,0.0
944,0.9778957197945264,0.8545454545454546,0.0008066741521648989,14.0,11.0,3.0,0.8066741521648989
945,0.9871251627362235,0.8186274509803922,5.876012799925565e-05,23.0,17.0,4.0,0.05876012799925565
946,0.9995967526600574,0.9868131868131869,7.379504109330886e-11,17.0,14.0,4.0,7.379504109330887e-08
947,0.9996395472102005,0.9970588235294118,5.0655883449921147e-17,23.0,16.0,4.0,5.065588344992115e-14
948,1.0039682103471106,0.9323529411764706,1.4517544390481194e-07,24.0,16.0,3.0,0.00014517544390481193
949,0.9989514957391598,0.9911764705882352,1.090829151044044e-13,17.0,16.0,4.0,1.090829151044044e-10
950,1.0020559083016511,0.9834881320949431,2.6382891204281573e-13,20.0,18.0,2.0,2.6382891204281575e-10
951,1.0098297160968857,0.8065934065934066,0.0004911128961691055,18.0,14.0,2.0,0.49111289616910553
952,1.0005117443474156,0.982142857142857,8.15733350897873e-11,23.0,15.0,2.0,8.15733350897873e-08
953,1.0000273803752835,0.9970588235294118,5.0655883449921147e-17,18.0,16.0,2.0,5.065588344992115e-14
954,0.9899548065807036,0.9363636363636365,2.208207644917754e-05,16.0,11.0,4.0,0.02208207644917754
955,0.9904011035024094,0.9044117647058825,6.251789855978917e-07,23.0,17.0,2.0,0.0006251789855978917
956,1.0049122698871729,0.9892857142857142,2.9989342571550623e-12,21.0,15.0,2.0,2.9989342571550625e-09
957,1.0032259525988962,0.9050567595459237,2.455885947367801e-07,23.0,18.0,3.0,0.0002455885947367801
958,0.9999515058259655,0.990909090909091,3.762571807085399e-09,15.0,11.0,2.0,3.762571807085399e-06
959,1.0181373135986755,0.8181818181818183,0.0011431050868040604,13.0,12.0,2.0,1.1431050868040604
960,1.0002587903551226,0.9510489510489512,2.0384246324655723e-06,15.0,12.0,4.0,0.002038424632465572
961,0.9918178840724586,0.6087912087912088,0.02085661601722322,17.0,14.0,4.0,20.85661601722322
962,1.0004623620333417,0.9868131868131869,7.379504109330886e-11,21.0,14.0,3.0,7.379504109330887e-08
963,0.9975011552528086,0.9789473684210527,3.6006418847130656e-13,23.0,19.0,2.0,3.600641884713066e-10
964,1.000893898623199,0.9818181818181818,8.403066433955246e-08,16.0,11.0,2.0,8.403066433955245e-05
965,1.0024324185257114,0.9857142857142854,1.92909487460678e-11,16.0,15.0,3.0,1.9290948746067798e-08
966,0.9984403953944199,0.6821465428276574,0.0018170810177521779,26.0,18.0,3.0,1.817081017752178
967,0.9945845791384166,0.6363636363636362,0.04791172612997547,14.0,10.0,2.0,47.91172612997547
968,1.00023611935874,0.9360165118679051,1.1541884991435716e-08,24.0,18.0,2.0,1.1541884991435715e-05
969,0.9905630373472529,0.9160839160839163,2.8428045348547105e-05,14.0,12.0,4.0,0.028428045348547103
970,0.9983673383631957,0.8090909090909091,0.002558580199713915,12.0,11.0,4.0,2.5585801997139153
971,1.002765518386099,0.9736263736263736,4.5902787925115095e-09,19.0,14.0,3.0,4.59027879251151e-06
972,1.0016266317185025,0.9855521155830752,9.124170334062525e-14,23.0,18.0,2.0,9.124170334062525e-11
973,1.0,1.0,0.0,22.0,16.0,2.0,0.0
974,1.0,1.0,0.0,23.0,19.0,2.0,0.0
975,0.9846115911577551,0.8461538461538461,0.00026601205575225274,19.0,13.0,4.0,0.26601205575225273
976,1.0007757580632946,0.9868131868131869,7.379504109330886e-11,20.0,14.0,3.0,7.379504109330887e-08
977,0.9994652075010706,0.9044117647058825,6.251789855978917e-07,26.0,17.0,4.0,0.0006251789855978917
978,0.9930345436428427,0.9340659340659341,2.998703750099579e-06,15.0,13.0,4.0,0.002998703750099579
979,1.0000464400958073,0.9945054945054945,3.909411051466979e-12,14.0,13.0,2.0,3.909411051466979e-09
980,1.006813204647799,0.8607142857142854,3.8055250226647814e-05,22.0,15.0,4.0,0.03805525022664781
981,1.000122067842779,0.9964285714285712,2.4159793199703443e-15,20.0,15.0,2.0,2.4159793199703444e-12
982,0.993889983660915,0.9736842105263157,2.357054997299057e-12,20.0,19.0,4.0,2.357054997299057e-09
983,0.9903843023370058,0.7934065934065934,0.0007075341356182061,20.0,14.0,4.0,0.7075341356182061
984,0.9983222978344793,0.9340659340659341,1.0279787693084366e-06,16.0,14.0,3.0,0.0010279787693084365
985,1.0008018223394215,0.9484004127966976,2.148035954426553e-09,22.0,18.0,4.0,2.1480359544265533e-06
986,1.0057764129845617,0.965034965034965,3.88098529962746e-07,15.0,12.0,2.0,0.000388098529962746
987,1.0000259290910272,0.9928571428571428,2.1681214863293047e-13,22.0,15.0,2.0,2.1681214863293048e-10
988,0.9993575723381564,0.8647058823529412,1.544234049652656e-05,20.0,16.0,4.0,0.015442340496526558
989,0.993878170628547,0.8637362637362638,6.846377605646043e-05,20.0,14.0,4.0,0.06846377605646042
990,1.0003994392331401,0.9950980392156863,1.7220637266386493e-16,23.0,17.0,2.0,1.7220637266386493e-13
991,1.0010565147830193,0.9175438596491228,3.1969361906463736e-08,21.0,19.0,4.0,3.196936190646374e-05
992,1.000001960134897,0.9979360165118679,1.6451231715312417e-20,26.0,18.0,3.0,1.6451231715312417e-17
993,0.9956415065279206,0.914285714285714,1.8531121308926519e-06,22.0,15.0,3.0,0.0018531121308926518
994,1.0,1.0,0.0,20.0,14.0,3.0,0.0
995,0.9946956623361326,0.8137254901960784,7.068933644044626e-05,24.0,17.0,3.0,0.07068933644044627
996,0.9949165098720744,0.982142857142857,8.15733350897873e-11,20.0,15.0,4.0,8.15733350897873e-08
997,0.9987643381391617,0.9956043956043955,1.0315953358848785e-13,17.0,14.0,4.0,1.0315953358848785e-10
998,0.986813177022972,0.7205882352941178,0.0011017357540910224,26.0,17.0,2.0,1.1017357540910224
999,0.9997184428211876,0.980701754385965,1.728841404624303e-13,26.0,19.0,2.0,1.728841404624303e-10
