,price of fairness,viol_coeff,max_unfairness,no_items,no_pos,no_prop
0,0.0,1.1985062551366934,1.6649395783535588,29.0,19.0,3.0
1,3.2535325716485713e-16,1.1712888414717055,1.351850866744401,18.0,17.0,2.0
2,0.003985576414125613,1.1993486997573606,1.4740872408657872,16.0,15.0,2.0
3,2.4320067801199303e-16,1.1742116157888103,1.2417304364413826,25.0,18.0,2.0
4,1.0,1.1958224006645293,2.114456139518902,13.0,12.0,3.0
5,0.001443224878053818,1.162481296329563,1.70792361284951,16.0,12.0,4.0
6,0.022869739521516625,1.1963344714768709,1.5217756488548617,12.0,11.0,4.0
7,0.0028668874364179246,1.1680933680615015,1.3004429257062464,16.0,12.0,2.0
8,0.0007394843790357083,1.1830064591224574,1.3982242757980627,17.0,12.0,2.0
9,0.01105454087459801,1.1983164819198409,1.7893711256400902,14.0,11.0,4.0
10,0.0077508027402620324,1.1853318655226723,1.7926147076537418,28.0,19.0,4.0
11,0.0027592810745970917,1.1620473776320526,2.077713783884041,27.0,18.0,4.0
12,0.0,1.190201636492475,2.096221891581591,22.0,16.0,4.0
13,2.1226774946216046e-16,1.1926879944285023,1.4540893569877837,18.0,14.0,2.0
14,0.0,1.1806517592212409,1.6433296640842796,13.0,10.0,2.0
15,-2.0943590921395654e-16,1.1854051860120098,1.3163855842748702,16.0,11.0,2.0
16,0.0,1.1784872979712193,1.5025597405660822,25.0,18.0,3.0
17,0.020163649632818754,1.1801270458527093,1.8459829819350793,12.0,11.0,3.0
18,0.016327777493020522,1.1799969344810153,1.546075921415454,14.0,11.0,4.0
19,0.04255146401777451,1.182641231231634,1.896566240417122,17.0,13.0,3.0
20,1.421373024808493e-16,1.1507172488003163,1.844041754770674,14.0,11.0,2.0
21,0.00855437237165747,1.1841158933477764,1.441222367324441,21.0,17.0,3.0
22,0.006362395835762451,1.195249455195485,1.525333058504232,24.0,18.0,3.0
23,-1.6692499450700049e-16,1.1869653776298557,1.307202388709421,17.0,13.0,2.0
24,0.02134883861988425,1.1690163953433679,2.5364223963381045,13.0,10.0,3.0
25,0.020397572603589452,1.1746737055631138,1.6191127456546492,24.0,16.0,4.0
26,0.00405572311886672,1.1937081198374104,1.4810293458938906,20.0,15.0,2.0
27,0.03293609310025825,1.1610329831762203,1.973682131594331,16.0,13.0,2.0
28,0.0,1.1523075402310308,1.4596534751558454,24.0,18.0,2.0
29,0.008731848723439878,1.1617829744696317,1.5444338873976182,19.0,16.0,2.0
30,0.01050074718635493,1.1600356527037436,2.050525869794137,15.0,12.0,4.0
31,1.0,1.1881800289871396,2.3377184478261372,16.0,14.0,4.0
32,0.0,1.1868650507615635,1.252454432905884,13.0,12.0,2.0
33,0.004267854357238095,1.1833943077240368,1.8021638910561566,20.0,14.0,4.0
34,0.0015555071257720198,1.163958867604044,1.6666492220897393,21.0,18.0,3.0
35,0.0016543382756716999,1.1884638259624867,1.4266210527676089,20.0,18.0,3.0
36,0.0175783409875065,1.1684492969171072,1.480251006841608,18.0,13.0,3.0
37,0.0,1.1779109409857835,2.674413891566535,25.0,19.0,4.0
38,0.0,1.1775766649809847,1.373184640289147,19.0,13.0,2.0
39,0.04650327251335065,1.1822823007330976,1.7687301227336394,19.0,16.0,2.0
40,0.011652416207295775,1.1985522696080724,2.128469654963977,17.0,12.0,3.0
41,0.08973659265125233,1.1779398209702985,1.4263106534721446,15.0,11.0,2.0
42,0.0019161582335803918,1.1588275177798826,1.2193327396371614,12.0,11.0,2.0
43,0.01161573306339436,1.1794462178332294,1.3076933903221657,22.0,17.0,2.0
44,0.0044742985997202256,1.193444702379988,1.673318028868559,21.0,17.0,4.0
45,0.009771346744155255,1.1789595949669989,1.7105307165042627,16.0,14.0,3.0
46,0.016634178668788982,1.1607366782619533,1.6705866052851437,23.0,16.0,2.0
47,0.00010945740384256755,1.171933041234783,1.185374660173413,24.0,16.0,2.0
48,0.0037760805851518075,1.195441426566415,1.5940696496694293,29.0,19.0,4.0
49,0.03140562807010369,1.1867471460050578,2.3545817860044798,18.0,12.0,4.0
50,1.0,1.1985104920153622,,11.0,10.0,4.0
51,0.0018493205273043332,1.1881252731151786,1.9925526434016227,27.0,18.0,4.0
52,0.006796376929990503,1.1687714104282294,1.5261058811045562,16.0,12.0,4.0
53,0.08639275447871232,1.1678544840522678,1.8488242911174817,15.0,10.0,4.0
54,0.007298929965797972,1.1936175592974547,2.1405713859551763,22.0,17.0,4.0
55,0.0,1.1954669065149055,1.223989771432041,14.0,12.0,2.0
56,0.005288213786827778,1.1673113625792304,1.788721776629341,16.0,11.0,2.0
57,0.0,1.1742860515174998,1.7158098436831004,14.0,12.0,3.0
58,0.00422060391965816,1.1525630771724675,1.3346003753507043,17.0,11.0,3.0
59,0.00028862912503025616,1.169634151032642,2.356364024764222,19.0,15.0,3.0
60,0.0,1.1994138927147324,1.5527568886672651,18.0,16.0,3.0
61,0.008195390373911699,1.165217252534622,1.70097479617887,19.0,18.0,4.0
62,0.0,1.1595765185903164,1.2095925481200998,19.0,17.0,3.0
63,0.002456212009102759,1.1835280038076452,1.3670788342833289,24.0,17.0,2.0
64,0.0022352776135506985,1.1582093367378459,1.8436847855704088,19.0,17.0,4.0
65,3.627530588916256e-16,1.1971236897649304,1.2740930639583588,17.0,14.0,2.0
66,0.08120536896873616,1.1914727742414368,2.0861492288600174,16.0,15.0,4.0
67,0.0009752133939690364,1.1830904287253976,2.0315004774099665,21.0,15.0,3.0
68,1.765892635958619e-16,1.1618728351328458,1.2214504416260406,19.0,14.0,2.0
69,0.02304428746973129,1.1597591101181635,1.54369281597244,13.0,12.0,4.0
70,1.2048675541704574e-16,1.1690432571653842,1.3837826290765973,12.0,11.0,3.0
71,0.0005011941536445608,1.1901488853473048,1.5087685513305533,17.0,12.0,3.0
72,0.030592851206444522,1.175545598101731,1.9050880938484434,15.0,10.0,3.0
73,0.006228502783709456,1.1945767585949971,1.3666003782183307,16.0,11.0,3.0
74,0.03641844374977167,1.1773025702881592,2.531965683496853,24.0,18.0,3.0
75,0.014710924815181936,1.1563482729494392,1.9354975891437827,14.0,11.0,3.0
76,0.00023473491852187312,1.1973485014207113,1.6615956706109587,22.0,18.0,4.0
77,0.01180027000341941,1.1911294403958501,1.8960560661417432,25.0,19.0,4.0
78,0.02419977195123016,1.1633485436472828,1.6407791720254026,15.0,12.0,4.0
79,0.03257564038943774,1.1697828641742882,1.8264031001664414,23.0,18.0,3.0
80,0.0006368186841197197,1.1858707699051458,2.112611108429934,22.0,18.0,4.0
81,0.0037527843734116535,1.190761806453188,1.3765590065881297,26.0,17.0,3.0
82,0.0008289228924935068,1.1772733303941298,1.2556149786177593,19.0,13.0,2.0
83,0.06579233158571852,1.1807438673377155,2.0459316708466053,12.0,11.0,4.0
84,0.0007444904925563093,1.176462809626376,1.4570391678073136,16.0,15.0,3.0
85,-1.1810501315598697e-16,1.1598596638914007,1.1804011651260051,14.0,11.0,2.0
86,0.00928604330914461,1.1809842629755045,2.8136556530167236,19.0,13.0,4.0
87,0.001759592676493574,1.164028173602928,1.4971063812263896,24.0,18.0,3.0
88,2.0448810194195974e-16,1.1843215367110194,1.5363860234021534,19.0,13.0,2.0
89,0.00651799946010419,1.17021321193723,1.558607096967368,19.0,14.0,3.0
90,0.0005006227463893822,1.167144909570134,1.5401097040007299,16.0,15.0,3.0
91,0.0,1.1624727257353489,1.6039582211127434,19.0,14.0,2.0
92,0.042836350308795984,1.176192036624967,2.5621601470215856,13.0,11.0,4.0
93,0.02280728887054882,1.1619226046736209,1.5385982218736307,19.0,13.0,4.0
94,0.0,1.188196363414167,1.488312158824639,26.0,19.0,4.0
95,0.023268872465304492,1.170290321453855,1.9361975015586879,19.0,16.0,4.0
96,1.0,1.1603874061948154,2.363053027027235,19.0,17.0,3.0
97,1.0,1.1707059151678028,2.4103374656119416,16.0,13.0,4.0
98,0.03477396465343586,1.1922503335351626,1.7096475977132746,19.0,13.0,4.0
99,-1.8815834893634902e-16,1.1699430120587861,2.0322655238259113,19.0,13.0,3.0
100,0.0023095187285963378,1.18331207711267,1.3618781259975754,14.0,13.0,3.0
101,0.007600024108080587,1.1872502162442355,1.5418447269858295,15.0,13.0,3.0
102,0.0016766651586178018,1.1999118072659325,1.5300646698262903,15.0,14.0,4.0
103,0.0006746965302965607,1.1761237076819495,1.8081745839398624,21.0,19.0,4.0
104,1.0,1.1949116305298189,2.4713403542321495,19.0,18.0,4.0
105,1.0,1.1741132598888586,2.007759349781835,12.0,11.0,4.0
106,0.07663048704361591,1.176427945628314,1.7392494167337982,27.0,18.0,3.0
107,0.032959121028548845,1.1788920929463285,1.7285551813306634,24.0,16.0,4.0
108,1.0,1.182924118459306,1.8719312467446798,14.0,12.0,4.0
109,0.0,1.151724511554882,1.238851603101864,21.0,16.0,2.0
110,1.0,1.183000918842147,2.0633303808147625,11.0,10.0,4.0
111,0.0018520559314512514,1.1804401812195546,1.6937987232740963,24.0,18.0,3.0
112,0.0005997434399885021,1.1918406299980941,1.5106373397710315,19.0,17.0,2.0
113,0.05606735263021167,1.1815671378817014,1.5375268524531722,22.0,15.0,2.0
114,-1.7667576781879022e-16,1.188570591880596,1.446001404210519,12.0,10.0,2.0
115,0.007404221047808217,1.171450384862943,2.02864505151991,24.0,18.0,3.0
116,0.018639735497972435,1.1756086197089668,1.5356738011795188,18.0,14.0,2.0
117,0.000581237092906072,1.1935066100916918,1.3010829038553222,18.0,17.0,3.0
118,0.0007288213774589784,1.1700866866567101,1.6815092930442561,19.0,13.0,3.0
119,0.0056808315747524105,1.1974093480345744,1.8094006997455658,11.0,10.0,4.0
120,0.0017508510350408713,1.1933261969690256,1.4289280587100137,26.0,18.0,3.0
121,0.0,1.1728545517200357,1.28815797937634,22.0,17.0,2.0
122,0.006427209493468721,1.198316715867385,1.682428851522478,20.0,15.0,3.0
123,1.217571574060075e-16,1.1971791142638453,1.3477461781277134,23.0,19.0,2.0
124,0.0024428319873395924,1.1805323393458305,2.110625455561716,16.0,12.0,4.0
125,0.038259704654060166,1.1625596949422876,1.5829402341368954,15.0,12.0,4.0
126,0.012926323133252631,1.1670183564663288,1.649218960211292,20.0,16.0,2.0
127,0.018767526242329517,1.151139083436891,1.447373929504134,21.0,15.0,4.0
128,2.063857673730968e-16,1.1727099469723359,1.468267167119959,26.0,19.0,3.0
129,0.013264874743585666,1.170012134599933,1.527835791472943,17.0,12.0,2.0
130,0.0006443858128244894,1.151478613413083,1.8681801626200387,24.0,18.0,2.0
131,0.005917028518249017,1.1571399211775528,1.492603756939096,25.0,19.0,4.0
132,0.05323487093955663,1.157432540380428,2.092667022667881,18.0,17.0,3.0
133,0.024516817743227958,1.1544986158958468,1.6070030574223517,24.0,17.0,3.0
134,0.09710360802785767,1.1744662680341031,2.0591784575570466,13.0,11.0,3.0
135,0.013231390487830836,1.1571024464045823,1.828526106763036,22.0,16.0,3.0
136,0.0012719505191924364,1.1576661457734685,1.701362042924154,27.0,18.0,4.0
137,2.0620782611997519e-16,1.1599624868007306,1.7573389467754499,13.0,11.0,2.0
138,0.005414814088541058,1.1571730867259609,1.714727284918382,14.0,11.0,4.0
139,0.005205748344219784,1.1628246420659254,1.5316594297679473,19.0,16.0,2.0
140,0.03866527912751958,1.1773017836681299,1.7465488361906214,25.0,17.0,2.0
141,0.029313844164142986,1.1533522283297974,1.9761549118139305,15.0,12.0,4.0
142,0.038860965520724516,1.1767120864394836,1.7765984883054537,24.0,18.0,2.0
143,0.0,1.1750208873243226,1.5784616474183268,20.0,18.0,2.0
144,0.008288173413466153,1.19124200858702,1.6913036230111116,20.0,15.0,4.0
145,-1.3135295720527724e-16,1.1970944536662775,1.4357290522821826,18.0,12.0,2.0
146,0.07089243658176778,1.1825828550145925,1.889193298362736,23.0,17.0,2.0
147,0.0,1.1533196723637744,1.1976902467403558,16.0,14.0,2.0
148,0.005839058277820499,1.1862762944712704,1.6521100944637441,25.0,17.0,2.0
149,0.00015558797642422947,1.1697622858876482,1.4525233438023681,25.0,19.0,3.0
150,0.002945691962829225,1.1806541607126493,1.772677784558981,18.0,14.0,3.0
151,-3.1393727780813314e-16,1.1950348948355718,1.8010955987253559,23.0,19.0,2.0
152,1.0,1.1599253767535234,2.1073947968474815,12.0,10.0,3.0
153,1.6512765782685417e-16,1.1931643872514393,1.7116168169183785,18.0,16.0,4.0
154,0.05214284864806647,1.1739673267111443,2.720218765616898,12.0,10.0,4.0
155,0.13788839513564674,1.150441278786224,1.9430169896605918,16.0,11.0,3.0
156,1.0,1.153481036182773,2.0976762987061988,13.0,12.0,3.0
157,0.056666040132778116,1.1994580637735042,2.2836365181874396,14.0,10.0,4.0
158,-1.9409602202789612e-16,1.153633565282492,1.614750734160585,18.0,12.0,3.0
159,0.03531443936427456,1.1927563250202546,1.4987245062172097,17.0,13.0,3.0
160,-1.8716470249063944e-16,1.194572591784784,1.6139405946417051,20.0,16.0,4.0
161,0.0006290962443232068,1.1884152843152544,1.3889917540250405,20.0,16.0,3.0
162,0.004200886269519643,1.169540824632451,2.230798547052011,23.0,19.0,4.0
163,0.035070105577301336,1.1531772475878455,2.2408348009752688,27.0,18.0,4.0
164,0.03687998908893369,1.160862516499592,1.9874629334520388,12.0,10.0,3.0
165,0.017732059045794796,1.1717864922390424,1.9967762020673328,11.0,10.0,4.0
166,0.03635038669143196,1.164545507767684,1.74743514059944,24.0,18.0,3.0
167,0.012730116903870338,1.1809741661205173,1.8517593375849843,16.0,11.0,4.0
168,0.030717839559073864,1.154944037880293,1.6352395915266478,21.0,14.0,2.0
169,1.3287045575758567e-16,1.188585938084053,1.52059277721714,16.0,13.0,2.0
170,1.0,1.1544788285583922,2.801742861226947,13.0,10.0,4.0
171,0.06882717089173825,1.1660054917939169,2.346256836470579,15.0,13.0,4.0
172,-1.923602070545693e-16,1.1776930957968563,1.2704475919753941,16.0,13.0,2.0
173,0.018527109662711913,1.1751245222643538,1.7108202565575754,14.0,12.0,2.0
174,0.0034911235792628196,1.15599996214044,2.3086044551413907,21.0,14.0,4.0
175,0.0052829987932569225,1.1610645031044602,1.9480726318042676,18.0,13.0,4.0
176,0.027478272027782857,1.1756280324817192,1.4590241194334412,14.0,12.0,2.0
177,0.010090696836050283,1.1870916376520422,1.819301129071675,15.0,10.0,3.0
178,0.04613012163569104,1.16130341475656,1.8802003315905849,24.0,19.0,3.0
179,0.0029561867657431156,1.1518372966046815,2.132632099716493,21.0,17.0,4.0
180,-2.0403265485867902e-16,1.1532899415614892,1.2858464968332495,12.0,11.0,3.0
181,0.0,1.192958400580886,1.3708108808542443,14.0,12.0,2.0
182,0.0,1.1508824597582579,1.2462082476021938,22.0,17.0,2.0
183,0.00018090603317730999,1.1517115096427997,1.7072651715439664,18.0,15.0,2.0
184,0.01008501363352165,1.1613658323048637,1.8751695057981292,14.0,11.0,3.0
185,0.0,1.176913008015709,1.473079088789638,12.0,10.0,3.0
186,1.0,1.153246296946425,2.568547050196364,16.0,13.0,4.0
187,0.0172179093889216,1.1810130140519848,1.4972339718695933,25.0,19.0,2.0
188,0.014949564957120002,1.1752101322399897,1.4804487709296146,18.0,16.0,3.0
189,-2.788905667572046e-16,1.19307877380781,1.3147956360628805,19.0,16.0,2.0
190,0.0,1.1895189376660393,1.48613924612504,25.0,17.0,2.0
191,0.0002376988163870229,1.1973763784007756,1.8221760166870236,26.0,19.0,3.0
192,0.0006780224790231723,1.1813170563003728,1.622300132646503,20.0,19.0,3.0
193,0.08971131961916656,1.16687005943211,1.8061897701159149,19.0,13.0,4.0
194,1.1993916311913927e-16,1.153634727551475,1.3561727897696225,19.0,16.0,2.0
195,0.0,1.161850653370215,1.731303052504829,29.0,19.0,4.0
196,0.011217963538701746,1.1790509218899357,2.0664740733398412,28.0,19.0,4.0
197,-1.6728018207861222e-16,1.1797732268686116,1.4054520080366812,21.0,19.0,3.0
198,0.015727207126759055,1.1760240617446753,2.3053266177900893,19.0,17.0,4.0
199,0.036351650386669966,1.174146541351909,1.885462433138693,14.0,12.0,3.0
200,0.004322294560146924,1.1514264636338105,1.3316860574255558,18.0,16.0,4.0
201,0.0,1.1680445452001087,1.266330942044673,17.0,13.0,2.0
202,0.0003767655038671311,1.1810322843800545,1.3820941931013773,15.0,10.0,2.0
203,0.03239817123752051,1.1869169882045696,2.1517770257949445,14.0,13.0,3.0
204,0.004621658893347156,1.157752371499283,1.4236270502999453,25.0,18.0,3.0
205,0.002490938276206348,1.1847852802638312,1.3350895673450016,25.0,17.0,2.0
206,0.0009687520182284414,1.168274980836693,1.3654970697978275,22.0,15.0,4.0
207,1.0,1.1746429994151177,1.811338947413464,11.0,10.0,2.0
208,0.016566428937885926,1.1825844323031398,1.3781176729533389,20.0,17.0,2.0
209,0.010352262994585304,1.1923133315358008,1.7338820706057732,22.0,18.0,4.0
210,0.0014992320751695462,1.175158976051446,1.9186204589637312,25.0,17.0,3.0
211,0.010268889679361364,1.1765158516815015,1.6760518467000372,19.0,13.0,3.0
212,3.0653835582593668e-16,1.1871422439663166,1.308955722148293,18.0,14.0,2.0
213,0.05544230917277912,1.1509571061275408,1.9846021842580277,17.0,13.0,3.0
214,1.0,1.190924419006499,2.205401613533902,16.0,15.0,4.0
215,0.04737458058564827,1.15528694021958,1.7052423651827786,22.0,17.0,4.0
216,0.017717640389993305,1.195236217894025,2.0023531628847633,19.0,15.0,4.0
217,0.00013993835146812206,1.1963042901659868,1.8067612501076638,19.0,14.0,3.0
218,0.0021638577925460253,1.156424825871281,1.3392404250668772,22.0,19.0,4.0
219,0.012833142597099303,1.1843601507445045,1.8330275842390593,16.0,12.0,3.0
220,1.1184627147835252e-16,1.1717252924808044,1.3152862061737656,16.0,14.0,3.0
221,0.018935620799609764,1.1546499777506065,1.6682242135376444,19.0,13.0,3.0
222,0.00573316570440627,1.1694007817980736,1.5168398202595421,24.0,17.0,2.0
223,0.005010747667134675,1.165484113229138,1.6283259784503195,20.0,19.0,4.0
224,0.0,1.1575464921277485,1.3734601706189242,22.0,18.0,2.0
225,0.007541492108547475,1.1763812473427597,1.8538490205781069,23.0,18.0,4.0
226,0.0,1.1564700842484021,1.1744701082701465,22.0,16.0,2.0
227,1.0,1.1577045111423194,1.724730385846854,14.0,11.0,4.0
228,0.0025516888325324456,1.156358044442778,2.75931399370384,24.0,18.0,4.0
229,0.0013388194799597557,1.1509522256473403,1.2597180570118907,24.0,19.0,2.0
230,0.0,1.1779755891710353,1.7607503223368297,19.0,15.0,2.0
231,0.0,1.198569718258413,1.4410763001588704,18.0,16.0,3.0
232,0.0006654015902164439,1.1973507306169107,1.4482359051050542,19.0,17.0,3.0
233,0.0024205342482113605,1.164009829273992,1.8335936068152472,22.0,15.0,4.0
234,1.0,1.1966805711482713,2.4112761758577586,14.0,11.0,4.0
235,0.014243026677284209,1.1724469715436916,1.8832806625151965,18.0,16.0,4.0
236,1.33215958472194e-16,1.1625138543109792,1.1766804619998341,21.0,19.0,2.0
237,-2.0940107925714015e-16,1.1769279168331772,1.5567074305214985,21.0,14.0,2.0
238,0.011580027442672397,1.1785395722003507,1.783035285036977,16.0,13.0,3.0
239,0.0030187246095852126,1.1677629741496,2.3793549085154138,26.0,19.0,4.0
240,0.01820988977021085,1.1652843308043126,1.7689829783178437,12.0,11.0,2.0
241,1.487356200969965e-16,1.1877965536563613,1.3824089473503711,20.0,16.0,2.0
242,0.0009585923756143823,1.166363746575752,1.5734277739946976,16.0,11.0,3.0
243,0.02028943508347609,1.190064622057044,1.6601303296585546,25.0,18.0,4.0
244,0.008138694038138168,1.1768617518798914,1.6497539734247928,14.0,11.0,3.0
245,0.07391738174920598,1.1614618624898256,2.1035369933763843,17.0,14.0,3.0
246,0.01819135087704848,1.1932693573922915,1.8576736189392649,16.0,13.0,3.0
247,0.004546733625879348,1.1918559360668426,1.649554521655573,29.0,19.0,3.0
248,0.00561881798124344,1.1817786673899913,2.1256255808848796,16.0,14.0,4.0
249,0.01847574215502082,1.1744729395979354,2.2492094069528683,13.0,11.0,3.0
250,1.4907955940978812e-05,1.1902963182559274,1.674007777189525,22.0,18.0,3.0
251,0.00036921195101459795,1.190062681900869,1.293732305474382,17.0,14.0,2.0
252,0.006152408810230375,1.1737299369531071,2.411357884064963,18.0,15.0,4.0
253,0.0011490483943359946,1.1962191140213465,1.811557976277388,15.0,10.0,4.0
254,0.008688594106658124,1.1848394211159696,1.6695398836868147,15.0,10.0,3.0
255,0.011873207141421123,1.1701358937615194,1.435411615847842,17.0,13.0,3.0
256,0.0005857299221305374,1.189969010893385,1.5800283840593603,18.0,16.0,4.0
257,0.005208500514183475,1.163696101618942,1.3270414215311919,23.0,16.0,3.0
258,1.4277293498490913e-16,1.185030750887194,1.2910964232757967,29.0,19.0,2.0
259,1.3009540572238372e-16,1.1738723824987338,1.191848476472267,20.0,18.0,2.0
260,0.03402282687517044,1.1762236752549171,1.5450092716388917,17.0,14.0,2.0
261,0.006175417809341515,1.1742985483159418,1.9727055400935543,14.0,10.0,4.0
262,0.010228609873992392,1.1870139817591472,1.578347314999381,26.0,18.0,4.0
263,-1.6152420531518412e-16,1.1874015281161971,1.9069628307517699,16.0,12.0,4.0
264,0.004356774675178981,1.1681127166626764,2.474927833962462,14.0,10.0,4.0
265,0.010352903778862105,1.1797123006250896,1.224517733947573,15.0,12.0,2.0
266,0.0037053986566245355,1.1657613156071516,1.888183182841469,25.0,19.0,3.0
267,3.434547439888368e-16,1.1783516690660714,1.3321019493647228,18.0,17.0,3.0
268,1.0,1.1921018593218486,1.962169134053338,24.0,19.0,3.0
269,0.0071056246712199,1.1709697041434015,1.8110420159361065,20.0,17.0,4.0
270,0.0025752681504801274,1.1656465344343858,1.3383230465058067,19.0,18.0,2.0
271,0.002493308343881232,1.1812518939491623,1.6941856451846813,21.0,17.0,3.0
272,0.000377214929359803,1.199098191777526,2.492549396061305,16.0,12.0,4.0
273,0.05142975438128062,1.178135318989667,1.5638678680370568,12.0,11.0,4.0
274,0.041273008246658735,1.1503544271255657,1.5786783834089508,14.0,13.0,2.0
275,2.084184374706012e-16,1.1862853623495138,1.2884247055702571,18.0,12.0,2.0
276,0.0,1.1943440165284822,1.543953806031807,23.0,19.0,3.0
277,0.024707248603883732,1.1565669221542745,1.9749558237296336,18.0,13.0,4.0
278,0.05439970635925404,1.1550955441167587,2.3998224656352765,18.0,16.0,4.0
279,0.00046731380516696827,1.1673000724602256,1.6211390271153374,22.0,15.0,3.0
280,0.004586228765934645,1.1603120005343182,1.3961594361107215,25.0,18.0,4.0
281,1.2720547490376242e-16,1.153821061652633,1.860586766048207,26.0,17.0,4.0
282,0.0010116302557254533,1.1922166217620864,1.6705675586916524,17.0,13.0,4.0
283,1.0,1.1544314843628116,1.6182021545027523,13.0,12.0,2.0
284,0.009470918289170861,1.16890451746944,1.4794722763878176,16.0,13.0,4.0
285,0.00658373891746875,1.159361545218253,1.3691138282272366,15.0,10.0,2.0
286,0.007930511256283542,1.1772163679673213,1.780068946140336,25.0,17.0,4.0
287,0.03154927933795689,1.198708722366003,1.65618311540074,20.0,13.0,2.0
288,-1.8353301087503735e-16,1.1824162979468869,1.555251468758254,16.0,12.0,2.0
289,0.028089787594797747,1.1592956342338936,1.3397510210069643,19.0,13.0,3.0
290,1.0,1.1968132168491008,1.682449991988555,12.0,10.0,2.0
291,1.0,1.1959650475229098,2.6672143617911583,14.0,12.0,4.0
292,0.027067172634142527,1.1677893406104798,2.549756105410805,14.0,13.0,3.0
293,0.0022963263536553533,1.1825440173185495,2.0436669822857576,13.0,12.0,4.0
294,0.0024891579822169667,1.1961459172584035,1.6920026065871199,21.0,16.0,4.0
295,0.03171530526043464,1.180318877799456,1.4218056554880305,17.0,12.0,3.0
296,0.0,1.1658031945833012,1.2761921974372192,14.0,10.0,2.0
297,0.004766580016783148,1.1797272229537417,1.5823588338429648,20.0,14.0,4.0
298,0.0,1.1998379964751003,1.71487436267129,12.0,10.0,3.0
299,0.015213196585813663,1.175650736476681,1.856499230680754,21.0,15.0,4.0
300,0.018886505346063044,1.1520970177320295,1.7451276460303802,21.0,19.0,3.0
301,0.0,1.1765928519847249,1.28439311709868,14.0,12.0,2.0
302,0.009662539922852206,1.181759279630391,1.6161407179495584,17.0,12.0,3.0
303,0.004935248134601058,1.1504042925876599,1.1969058395001957,16.0,12.0,2.0
304,0.021638551331503227,1.1528049812542611,1.8669402486805646,19.0,14.0,3.0
305,2.0258655585889603e-16,1.1744680049318115,1.3499591362837564,26.0,19.0,3.0
306,0.03821331138181842,1.1628787562071548,1.9819837362652726,19.0,13.0,4.0
307,0.0011438592918053068,1.159259344330114,1.5042547914652349,27.0,18.0,3.0
308,0.004527216833583185,1.1632078525044527,2.5963339934297576,18.0,14.0,3.0
309,1.0,1.1824514149413126,,15.0,12.0,4.0
310,0.08267796912495165,1.164932138057289,3.1144754743992675,18.0,13.0,3.0
311,1.3616196683906859e-16,1.1638737509032149,1.215657100507324,17.0,11.0,2.0
312,0.004963545272062123,1.1668888415564225,1.6831948133036962,24.0,19.0,4.0
313,0.015362335508865295,1.1791067739450316,2.2284349161872212,22.0,15.0,4.0
314,0.010499185845327306,1.1725593769514406,1.6615013112412955,13.0,10.0,2.0
315,1.6783001318558672e-16,1.1733880329661368,1.807354234531875,25.0,17.0,3.0
316,0.01598535080681565,1.1503535032961578,1.4436910091068313,17.0,12.0,2.0
317,1.0,1.1859718960311898,2.2152757001759644,23.0,18.0,4.0
318,0.03472411973699248,1.1764866202048054,1.628456734679462,23.0,17.0,4.0
319,-1.2383208130754331e-16,1.183189194061153,1.4421595250929145,24.0,16.0,3.0
320,0.0003374721264873486,1.1752874897204844,2.0132347494467324,23.0,17.0,3.0
321,1.0,1.1795967088688828,1.9250055772186472,16.0,11.0,4.0
322,0.008351599127957948,1.1659716365997024,1.3600036619549385,16.0,13.0,2.0
323,-1.585640104636448e-16,1.1676214799841786,1.7526182168119542,21.0,18.0,4.0
324,0.004257899578255838,1.1788685534831231,1.6061938761082633,18.0,15.0,3.0
325,1.6557340583029047e-16,1.1936658008537084,1.4815141687443136,20.0,14.0,3.0
326,-3.975275245385127e-16,1.1542792056055526,1.689528882122718,27.0,19.0,3.0
327,1.1719960591567795e-16,1.1913597608240798,1.4966778040186308,24.0,19.0,2.0
328,0.0,1.1706528713637439,1.221525422776908,13.0,10.0,2.0
329,0.0,1.1598228822417247,1.5945228757366905,23.0,16.0,2.0
330,0.0,1.1919050091320114,1.616311923509964,23.0,17.0,2.0
331,0.002725854715473688,1.1669881726361864,1.3346736043264995,17.0,16.0,2.0
332,0.004727767642548505,1.195660456937616,1.2913442386022553,22.0,17.0,3.0
333,0.010209137450767125,1.1557590242327194,2.3759407030216884,12.0,11.0,4.0
334,0.06857384597037214,1.1841417656374573,2.13130022008909,15.0,10.0,3.0
335,0.015291521494546066,1.1916641779916304,1.8340719528669553,14.0,12.0,3.0
336,1.3912151779926662e-16,1.166307515930757,1.2170263195361588,27.0,19.0,2.0
337,0.0017602610595048465,1.1590882885516731,1.285558925601971,12.0,11.0,2.0
338,0.0,1.1547604349928569,1.4231154986691594,22.0,19.0,2.0
339,0.015767961341948408,1.1892687996121236,1.9253333049932149,18.0,14.0,3.0
340,0.000892942930590365,1.1865212068056161,1.5890097830204277,18.0,14.0,2.0
341,0.000643454567597313,1.1574299233482421,1.7399018074642443,22.0,18.0,3.0
342,0.022966961156710063,1.1595911145779438,1.914107953504471,23.0,17.0,3.0
343,0.026995418021863976,1.1734672078443356,2.1164696473249474,16.0,11.0,4.0
344,0.07332767505312304,1.1778927123236955,1.6917857250144133,16.0,14.0,3.0
345,-2.4734879270481993e-16,1.1851940068785816,1.5177947885211787,23.0,18.0,2.0
346,2.160028075149276e-16,1.1711165561852372,1.2828166029008885,15.0,12.0,2.0
347,0.008648946427469375,1.1630335827716962,1.665198569612981,17.0,16.0,4.0
348,0.012111372932863079,1.196816020097623,1.7665022601677252,22.0,17.0,4.0
349,1.1518729455384936e-16,1.1672253191148878,1.2215890205469149,24.0,18.0,2.0
350,0.0001883313888101432,1.1856207928857874,1.4113791355572518,18.0,13.0,3.0
351,0.0002749293525428778,1.1739897944026605,1.7656357280644643,18.0,13.0,4.0
352,0.004632015398543117,1.1710231338561436,1.3919538476582363,17.0,12.0,2.0
353,1.0,1.1783567596921831,3.2434081446552585,12.0,10.0,4.0
354,0.06947326950015659,1.187891778805787,1.9076832820491814,22.0,16.0,4.0
355,0.010732086436685004,1.1874108056243078,1.9905767029007366,15.0,11.0,3.0
356,0.00036034388992338526,1.1751481254402634,1.5643503819058657,23.0,19.0,2.0
357,0.025267412809816314,1.1581352138684347,1.4651997367853828,19.0,16.0,2.0
358,0.00042640353344074964,1.1902201615761807,2.255939217282143,24.0,18.0,4.0
359,0.025672032727515535,1.178942889724762,1.4134510120256951,15.0,13.0,2.0
360,0.003016511765858056,1.161998608046817,1.6288679248824849,16.0,14.0,2.0
361,0.0,1.1908465256304743,1.4667209768294718,18.0,16.0,3.0
362,-2.0188733477940548e-16,1.1844657346774676,1.3030070280623933,19.0,15.0,2.0
363,0.0017660749388970474,1.167426108832286,1.9780979347780603,22.0,17.0,4.0
364,0.021809141369685106,1.1913350233247877,1.5598826988167316,26.0,18.0,2.0
365,-2.6377872136237955e-16,1.1924097587028604,1.4181517796304597,27.0,18.0,2.0
366,0.020242068790995552,1.1665170415716568,1.640601899397659,17.0,16.0,4.0
367,0.011691695612723664,1.198270715424547,1.5252942537435084,14.0,10.0,3.0
368,0.00045554807794118607,1.150507720582945,1.6164151358528012,15.0,13.0,4.0
369,1.415366733078392e-16,1.1536526906763576,1.567565312493855,16.0,13.0,2.0
370,0.022320077327534434,1.1648532188307101,1.3896609281210393,11.0,10.0,2.0
371,0.0,1.1568405729633235,1.3741177950370143,20.0,16.0,3.0
372,0.0008459858030026456,1.1538699677331101,1.4249156982661741,17.0,12.0,2.0
373,0.009601836347080107,1.1992183109885475,1.7784725656883618,18.0,13.0,2.0
374,0.03172475597615898,1.152697402173693,1.5506573194306417,15.0,10.0,3.0
375,2.153789397805551e-16,1.1803657049904703,1.5606456414509278,16.0,13.0,2.0
376,0.010804650298268449,1.1587681334839894,1.6563910140917704,20.0,18.0,4.0
377,0.0,1.158412782150902,1.2850950303085262,20.0,17.0,3.0
378,0.03178230054601014,1.1934598436568478,2.5093626831040847,18.0,12.0,4.0
379,0.04222720398147405,1.1666186929441653,1.5493187880445742,22.0,15.0,2.0
380,0.022679624276704502,1.1836228403602462,1.770547364515486,20.0,15.0,4.0
381,0.0006757438077029855,1.1751075933437536,1.531810272202335,22.0,17.0,2.0
382,-1.477127871319177e-16,1.1696014278270122,1.261010686633937,20.0,15.0,2.0
383,0.00038354279607006117,1.1861674705714742,2.2888833181378345,15.0,11.0,3.0
384,0.0006543150317410275,1.1509164764905024,1.2260695915375643,19.0,14.0,2.0
385,0.005689506930592659,1.159691444209981,1.3659989751477943,21.0,14.0,4.0
386,0.0,1.1987607810438605,1.2070067730809269,17.0,14.0,2.0
387,0.012535377149861145,1.1746596338506812,1.3725760592940182,22.0,17.0,3.0
388,0.01867610787196434,1.1906652918293283,2.141634503030495,15.0,10.0,2.0
389,0.010603712616510368,1.1824506769109966,1.4380795668301474,22.0,18.0,2.0
390,1.1222928059711133e-16,1.1569538738044243,1.9794850504901047,23.0,15.0,4.0
391,1.562396245413235e-16,1.1822253522335304,1.6688562903269355,23.0,19.0,2.0
392,0.0311121028630126,1.1703806295417665,2.3396525001620625,19.0,14.0,4.0
393,0.0037968791047392134,1.1624262735309805,1.3790384961711137,27.0,18.0,3.0
394,0.07883764421820794,1.1705684434625303,2.3860257572889703,12.0,11.0,3.0
395,0.06367005867055406,1.166081540593224,2.0733088075711517,15.0,12.0,2.0
396,-2.1707206328583737e-16,1.1589157260943326,2.2386186258838587,22.0,17.0,4.0
397,1.5879646889603547e-16,1.1697150654359305,1.3706166520012333,22.0,19.0,2.0
398,1.9768231585186946e-16,1.1514800252399204,2.067897363939706,17.0,12.0,2.0
399,0.019943856435918225,1.1839573167537867,1.4425389339783157,12.0,10.0,2.0
400,0.013267947725984549,1.1690397516717514,2.001162971556112,20.0,19.0,4.0
401,0.013155513494862155,1.1617779453105035,1.5210797145960402,21.0,17.0,4.0
402,0.06901845245185936,1.1652844243238916,1.6595787515562754,27.0,18.0,3.0
403,1.0,1.193088574460128,2.477055246970892,16.0,15.0,4.0
404,0.0018730138998658261,1.1998689315375246,2.2428345008779704,18.0,13.0,4.0
405,0.03816515295694955,1.1814924017675599,2.1550094128848825,19.0,14.0,4.0
406,-1.3977661957047965e-16,1.174595922811923,1.2328065442864806,21.0,18.0,2.0
407,0.011949720698198798,1.1617642625761304,1.4421869840468418,18.0,12.0,3.0
408,0.033728461649096965,1.1630613356476704,1.51041807791825,19.0,17.0,4.0
409,0.0,1.1831920044147033,1.3523239284310251,16.0,15.0,2.0
410,0.00747182737285489,1.196313839979596,2.3621148846886113,17.0,13.0,3.0
411,0.02474505122354259,1.170384719790844,1.480848970400442,22.0,15.0,3.0
412,0.0,1.193005865244125,1.6614435553126863,19.0,13.0,3.0
413,1.0,1.1502295372983236,1.9200953273788242,13.0,10.0,4.0
414,1.0,1.1898032417108313,1.866049599998174,15.0,14.0,2.0
415,0.0018745323245037747,1.1848827480204172,1.5858134893834617,15.0,10.0,2.0
416,0.00012120421464772912,1.1825938563493026,2.203455478603835,24.0,17.0,4.0
417,0.003123915394442262,1.1973834178797298,1.5743031109736378,15.0,10.0,2.0
418,0.0014729757339240932,1.1901332876939161,1.4014402664256818,14.0,11.0,2.0
419,0.032857594221668326,1.155054597295771,1.6449623774053705,18.0,12.0,4.0
420,0.0,1.184192493828901,1.3615467057653432,19.0,13.0,2.0
421,0.0,1.1978760605231518,1.7060229035819432,19.0,13.0,2.0
422,0.019968416744873485,1.1870467779279668,1.525126691904925,17.0,14.0,2.0
423,0.010222180361252763,1.1822083593984531,1.6264954514636167,27.0,19.0,4.0
424,0.0006817595996846083,1.1866892260783033,1.69619962920773,26.0,17.0,2.0
425,-1.8005955672570466e-16,1.1521841319888178,1.314424786118773,17.0,13.0,3.0
426,0.0007044288398217073,1.1780617061228285,1.3924809079779792,20.0,15.0,3.0
427,0.028704836329661754,1.156782875398672,2.1919335004579645,19.0,14.0,4.0
428,0.00503003712440757,1.1624537456349706,2.234597964616495,24.0,17.0,4.0
429,0.09990895085507603,1.1626496047312445,3.023258888888035,25.0,17.0,4.0
430,1.2466482463005733e-16,1.1950321700168858,1.4495030984053172,18.0,14.0,2.0
431,0.01192678729647107,1.1712185981629721,1.2735441926815114,23.0,18.0,3.0
432,1.6044408209895298e-16,1.1881944500228259,1.4006924916358197,12.0,10.0,2.0
433,0.0,1.171552114669265,1.4594915018475747,15.0,10.0,4.0
434,0.00751565501332135,1.1895681659012576,2.692539303796705,21.0,14.0,3.0
435,0.006855116384444284,1.1662566670760766,1.950624754874833,22.0,17.0,3.0
436,0.04924795576770647,1.1620405228405217,2.013321608298052,12.0,11.0,4.0
437,0.003926050878840777,1.1667609342686607,1.6258357707677664,20.0,14.0,2.0
438,1.0,1.1706311922643706,1.9882668018660012,14.0,11.0,4.0
439,0.00530260405675445,1.1593829466316958,1.5496349081928258,17.0,16.0,3.0
440,0.024672927240861245,1.1719968234869795,2.33323306613364,23.0,17.0,4.0
441,0.002159883023479312,1.18101614214043,1.3982199610378503,22.0,19.0,2.0
442,0.0015864697993850615,1.199174468857982,1.8713987632749736,17.0,15.0,3.0
443,0.004463945787873082,1.1719986435147687,1.8517511345906024,27.0,18.0,4.0
444,0.042934027171327195,1.1869649391131503,2.209579225237705,18.0,16.0,4.0
445,0.0103954195428434,1.1668192446457353,2.1037926963666322,20.0,15.0,4.0
446,0.024891580504950016,1.157490195559681,2.7963913599524775,27.0,18.0,4.0
447,0.0056054617636026195,1.150627593675553,1.4219399794810939,13.0,10.0,2.0
448,0.0011511737656204814,1.1749536274079722,1.278761132227384,18.0,13.0,3.0
449,0.0,1.1649977528661444,1.606963052936478,11.0,10.0,3.0
450,0.0005159576563301263,1.1832186821712791,1.455214554503136,21.0,17.0,4.0
451,0.02015596543539332,1.1825705528950392,1.5020747482295933,12.0,11.0,2.0
452,0.03563622532597673,1.1805315846476367,1.6237829013176983,22.0,19.0,3.0
453,0.01251243914079664,1.1638749495574117,1.6205852952421242,27.0,18.0,3.0
454,0.001587547051124647,1.1888033235607518,2.001420775977525,18.0,14.0,4.0
455,0.005836034315837607,1.1903768497787248,1.3244935958387045,20.0,13.0,3.0
456,0.0010619115778877698,1.1621651037663157,1.32009922418509,16.0,15.0,3.0
457,0.0032388099807372276,1.1639414428301433,1.1786663017466104,21.0,15.0,2.0
458,0.017391375643525237,1.1629117701460636,1.9024236647111077,26.0,19.0,3.0
459,0.0,1.1947924436852748,1.8618349798316947,22.0,16.0,2.0
460,0.01945975439746401,1.164091042744542,1.4655208639222446,16.0,14.0,4.0
461,0.0006583794031847933,1.152729968305195,1.3631636431758472,20.0,17.0,3.0
462,0.022651121129034682,1.1777220724041066,1.8347869040736797,15.0,11.0,4.0
463,1.0,1.1545058384635551,3.075793436576536,16.0,13.0,4.0
464,1.0,1.1668758304505766,3.0954373914653397,13.0,11.0,4.0
465,0.0,1.1737843066068052,1.3188080175463033,14.0,10.0,2.0
466,4.764441212192459e-16,1.1689781418660925,1.226651202605866,22.0,17.0,2.0
467,0.0013521154482361898,1.177492883526837,1.832548180871267,17.0,15.0,3.0
468,0.009500265067787563,1.1688773337015128,1.7966580621355017,17.0,11.0,3.0
469,2.8745247778878804e-16,1.1705540198956583,1.6945820321915903,22.0,16.0,2.0
470,0.02834858702875654,1.1681556079127284,1.8889308528870168,17.0,16.0,3.0
471,0.07323249255379694,1.1597306060149053,1.721970210653265,21.0,15.0,2.0
472,0.05861965643602857,1.1523143497912272,2.244995716752706,23.0,17.0,4.0
473,2.1032182746097503e-16,1.1732629716760679,1.4389213123786968,16.0,12.0,2.0
474,2.0544914488071562e-16,1.184063687206878,1.2201496343955178,21.0,15.0,2.0
475,0.014463220647909305,1.1574521748026843,1.511107702985742,23.0,17.0,4.0
476,0.00042539979647061,1.1842456569121376,1.5794123012807337,20.0,19.0,2.0
477,1.0,1.1690826491817536,1.6177382985605007,16.0,12.0,3.0
478,0.000561246955891709,1.1692872915177577,1.5279300178003865,17.0,16.0,2.0
479,0.037390928827387926,1.1688634127716506,2.6500377497177663,15.0,12.0,4.0
480,0.01619519726091085,1.1955688643107447,2.339243011682856,19.0,17.0,3.0
481,1.0,1.199089958411115,3.1375844618132587,19.0,16.0,4.0
482,0.009759443737742304,1.1704137206687881,1.417530881146355,25.0,18.0,2.0
483,0.0009586374247313506,1.1792492470064047,1.9117472778092914,22.0,19.0,3.0
484,0.012036838841039047,1.1853337675681863,2.6587697484835235,23.0,19.0,4.0
485,1.238422879239659e-16,1.1586451621592382,1.2397242111260782,20.0,16.0,2.0
486,-1.6339985645533653e-16,1.1595042889886271,1.2611052300166752,18.0,12.0,2.0
487,0.001892443587950684,1.1940652928319015,1.4127872541569662,11.0,10.0,3.0
488,0.0,1.1944688745669614,1.3372021592330692,17.0,15.0,2.0
489,0.0166261854080789,1.1976973735181253,1.6455836345326458,17.0,14.0,3.0
490,1.3560347544516855e-16,1.1883503040886776,1.6132903968550234,25.0,17.0,2.0
491,0.0,1.1552305929012237,1.4615971756678237,25.0,17.0,4.0
492,0.0,1.1621168413495135,1.3255954153817688,28.0,19.0,4.0
493,-2.929009597178515e-16,1.1850251883870846,1.2426122933603982,13.0,11.0,2.0
494,0.00022421659189127423,1.1953803381750778,1.307396147667823,19.0,18.0,2.0
495,0.03107867232691387,1.1534428974126916,1.7998524987121118,16.0,12.0,4.0
496,0.0029326202251456503,1.165785929827673,1.8078162236743156,20.0,15.0,4.0
497,0.0,1.1760430156089994,1.6524327086374078,15.0,11.0,3.0
498,0.052924220109565226,1.1753145452148404,2.5276091445387334,23.0,15.0,4.0
499,0.013543039203758251,1.1908892827987976,1.8122333823683503,18.0,15.0,4.0
500,0.0,1.152054711629964,1.5380916454931264,13.0,11.0,4.0
501,0.0010780773494403965,1.164846754099881,1.6003852846628017,19.0,16.0,3.0
502,0.0,1.1838693831232965,1.2673154709858885,25.0,18.0,4.0
503,0.02321221511679341,1.1829336703552686,2.874257139495805,22.0,15.0,3.0
504,0.011967536946370188,1.186991213101821,1.507751776006557,17.0,16.0,4.0
505,0.004389988123373493,1.153668540555978,1.4777594323543786,20.0,15.0,2.0
506,0.0028778612471877544,1.196184965987337,1.7684128003059936,18.0,14.0,4.0
507,1.3473266471667524e-16,1.1544514458143478,1.570764075997495,19.0,14.0,2.0
508,0.0,1.1821457846694605,1.4857968179425136,18.0,16.0,3.0
509,6.519494635337848e-06,1.1896344117465683,1.537106769005328,24.0,19.0,2.0
510,0.0,1.1551580445312206,1.3530076187190294,20.0,18.0,3.0
511,0.0077940294326371805,1.169355289124742,1.5801486376804992,19.0,14.0,3.0
512,0.05395999688110648,1.1882256425420479,2.1903946379109165,19.0,13.0,4.0
513,1.2106567564829356e-16,1.1865808871509493,1.5195547407503507,27.0,19.0,3.0
514,0.002574797757064153,1.1559404535730962,1.167837140173613,18.0,16.0,2.0
515,0.05770044694154033,1.1673568490089075,2.129505209748822,13.0,10.0,4.0
516,0.01694546995083779,1.182211755439725,1.7003065160692177,13.0,11.0,4.0
517,0.0,1.1734927088790967,1.1489339864622266,17.0,11.0,2.0
518,0.023210965122312383,1.163481055174798,1.4107814092410602,24.0,18.0,4.0
519,0.0012155099277363997,1.1778413307887,1.8825367517747071,20.0,18.0,4.0
520,1.5520863697104895e-16,1.1619809075547076,1.4564614484981846,18.0,16.0,2.0
521,0.00014078247627236814,1.186117668240747,1.3166386133194212,23.0,16.0,3.0
522,0.011405525979777032,1.1945505971952675,2.326560354446271,28.0,19.0,4.0
523,1.0,1.194434019912663,2.302676900816968,16.0,11.0,3.0
524,0.037310359795060984,1.1837671397951786,2.1535617004948144,26.0,18.0,4.0
525,0.00015116425291131994,1.1814875584035955,1.2807090079920855,20.0,17.0,3.0
526,0.017377373974209253,1.1771613646545314,2.0481166239878865,17.0,13.0,4.0
527,1.0,1.1621894375446302,1.576559729792565,13.0,10.0,2.0
528,0.0056666918239592036,1.1938934468735318,1.5470748686492664,25.0,19.0,4.0
529,0.009969307190108008,1.1834460694076823,1.4998340703733999,20.0,13.0,2.0
530,0.0019462919311423973,1.1818648671170446,1.4498766456402532,23.0,16.0,2.0
531,1.0,1.1673586791811064,2.3773401063772517,20.0,18.0,3.0
532,0.0,1.160633363865513,1.3937088810217833,17.0,13.0,2.0
533,2.0463006658253006e-16,1.165001206615073,1.4131864100035547,17.0,11.0,2.0
534,0.0004472739086544841,1.167351211903845,2.423665836759612,23.0,19.0,3.0
535,0.008235950466184916,1.1920414871643283,1.8138012714447307,15.0,12.0,2.0
536,-1.3853215845033963e-16,1.1918774060393045,1.3779508005650434,21.0,19.0,2.0
537,1.0,1.1591711119194403,2.1234216404628414,18.0,16.0,3.0
538,0.031159152768802094,1.1995791553574655,1.5955407310605463,14.0,10.0,3.0
539,1.5178891398147829e-16,1.1935180911855778,1.548490877941787,21.0,15.0,3.0
540,8.134771303518754e-05,1.199223932249746,1.582400894163201,19.0,17.0,4.0
541,0.031245938248389706,1.188161615820618,2.372639135602236,17.0,15.0,4.0
542,0.00013459872945912024,1.1920052840063968,1.4268553037284342,24.0,16.0,4.0
543,0.0007344285055930537,1.1701825881004047,1.4102211699492668,24.0,16.0,3.0
544,0.03686046317220874,1.1669815736044047,1.8958943485216206,24.0,16.0,4.0
545,0.0008121859566538325,1.1722608574090287,1.5125476781006173,20.0,18.0,4.0
546,0.0011448319615703618,1.1603646291495504,1.5114806758248627,21.0,16.0,2.0
547,0.0,1.1787643800532106,1.4013682965129055,14.0,10.0,2.0
548,0.05553644856305901,1.1756447639692833,1.7164616101607917,12.0,11.0,4.0
549,1.117213879021459e-16,1.1921404258255208,1.3968083061126093,16.0,15.0,3.0
550,0.014761677576184903,1.1794692467790515,1.7767605554648005,20.0,13.0,4.0
551,0.0,1.1943844022203345,1.3690162031549462,25.0,18.0,3.0
552,0.0010500057779420575,1.1948264996660964,1.5707124421141572,18.0,14.0,3.0
553,0.022607163081158208,1.1830697024442722,1.465038209326171,17.0,12.0,4.0
554,0.0023448229402640475,1.175166226124444,1.6238861780863494,17.0,12.0,3.0
555,0.007711537370892769,1.1793611620889515,1.7340526877025308,11.0,10.0,3.0
556,0.036388790756686544,1.1837913926255519,1.701452724745108,15.0,12.0,4.0
557,8.462460449254838e-05,1.1504480461293074,1.6789173552680072,29.0,19.0,3.0
558,0.011675116097586802,1.1812311731040182,1.6584215126292365,24.0,16.0,4.0
559,0.009676209218724552,1.151002873534183,1.8166730489782443,16.0,14.0,4.0
560,0.0,1.1836699057260462,2.342445692628106,29.0,19.0,4.0
561,-1.8533657995889642e-16,1.1877467407357762,1.258919424141551,15.0,13.0,2.0
562,1.4557782925721038e-16,1.1846566858094938,1.6656250272236692,23.0,17.0,2.0
563,0.011302155255285481,1.16281198568596,1.7645321432474883,14.0,10.0,2.0
564,0.03829261118549049,1.1788449561666026,1.528295200753659,17.0,13.0,4.0
565,0.0070331125748977295,1.1996230274548783,1.7666922277984887,17.0,12.0,4.0
566,1.0,1.1542536791035491,2.674631871496804,11.0,10.0,4.0
567,1.2424825782734998e-16,1.162331416577103,1.2447697840019365,24.0,19.0,3.0
568,0.006003389351460418,1.1940044443541844,1.7095081421676492,14.0,11.0,3.0
569,0.0,1.158479036672599,1.9399241480968783,23.0,16.0,2.0
570,1.0,1.1853026834628806,1.7017536082638587,24.0,18.0,4.0
571,0.014971406184495382,1.19496287311339,1.7100930149074431,20.0,14.0,2.0
572,-1.357292096668828e-16,1.1743895980044325,1.380431117039418,12.0,10.0,3.0
573,0.0014552749984860006,1.1573556865929626,1.6759010606907545,14.0,12.0,2.0
574,0.0009588197479529858,1.1832851234456412,1.6890165485433721,14.0,10.0,3.0
575,0.009812730692488602,1.1520604550647813,1.4331655955611229,17.0,15.0,2.0
576,0.002264995281074086,1.1582764163488877,1.5162783356644176,19.0,17.0,2.0
577,0.045990147095026634,1.1777839637235445,1.95045276889873,23.0,15.0,4.0
578,0.004176696585599825,1.1754994110361894,1.251566993328992,16.0,12.0,3.0
579,0.0008200634051965201,1.1823135378018303,1.7042747994697944,18.0,17.0,4.0
580,0.0015680923568268175,1.199456485945804,1.5435490953959037,21.0,17.0,2.0
581,0.0014368206902476775,1.1671185086422045,1.593879416486117,15.0,14.0,3.0
582,0.02157794148578401,1.1551521077627238,1.4285123334157053,13.0,11.0,3.0
583,0.0,1.1738380393149093,2.9080259187880726,14.0,10.0,2.0
584,0.01294555469109263,1.1919119059259835,1.4180573171745596,21.0,14.0,3.0
585,-1.2771061951216533e-16,1.1637280076368257,1.2588315179796188,15.0,11.0,2.0
586,-1.885293762329787e-16,1.1996954441589474,1.6114690766060218,20.0,15.0,2.0
587,0.008279881687967108,1.1567644943599322,1.7780293728841459,15.0,13.0,4.0
588,0.022261446217074182,1.183282878699156,2.9066333430401747,16.0,13.0,4.0
589,0.0,1.1982653266473813,1.5016915473609105,22.0,15.0,3.0
590,0.0,1.1808715966799637,1.7742252803028185,22.0,18.0,4.0
591,0.002114708579115286,1.1804859181580512,1.7145967007489031,23.0,19.0,2.0
592,0.035084172084688864,1.1589087175730128,2.7197158588851313,21.0,16.0,4.0
593,0.004419678233973668,1.19023817099187,2.148213101209419,14.0,10.0,4.0
594,0.0727302914710966,1.1639300230752914,2.271635138423346,19.0,14.0,4.0
595,1.5692483661143256e-16,1.1958263965409577,1.6172794132462336,14.0,13.0,3.0
596,0.07771191426977556,1.1905585962768923,2.0053156288274328,17.0,14.0,3.0
597,1.0,1.1875720805720529,2.002702448543976,13.0,10.0,4.0
598,0.03967058197610155,1.1855358883775455,2.311931118912324,21.0,17.0,3.0
599,0.03532085067015288,1.150764069542543,2.0664173442652265,14.0,12.0,3.0
600,0.005314292860165567,1.1762401008828893,1.5514689323162372,20.0,14.0,4.0
601,0.0074337183727788145,1.161908836837224,1.3564006985181618,15.0,14.0,2.0
602,0.02200679523203957,1.1970989228683966,2.2250214578732064,15.0,14.0,4.0
603,-1.920492243180413e-16,1.1502541076725519,1.7757546587240292,17.0,12.0,3.0
604,0.006321334947375307,1.197004198556138,1.397287083769941,18.0,17.0,3.0
605,3.517262176015889e-05,1.1888158334523418,1.362151106679103,17.0,12.0,2.0
606,0.06440543568439454,1.1918488012061685,1.9647712189654452,15.0,11.0,4.0
607,1.7998844383669498e-16,1.1607833214954295,1.3424829609133646,16.0,11.0,3.0
608,1.0,1.1829166781514657,,16.0,15.0,4.0
609,2.3994130719077665e-16,1.1682067293067349,1.2438770182949852,21.0,16.0,2.0
610,0.01610638034473898,1.1734749095100803,1.710387131232622,20.0,18.0,4.0
611,0.031629901155572675,1.1607889441027528,2.0166289114775595,22.0,17.0,2.0
612,1.0,1.1913443326714284,1.9234836364377184,18.0,17.0,3.0
613,0.0024502837197456586,1.1914707631001438,1.6816721280438751,14.0,10.0,2.0
614,0.06226768922500421,1.1702616363279885,1.9982678091098103,16.0,14.0,4.0
615,0.0095127758705871,1.1518008364157961,1.4360197195886364,16.0,12.0,2.0
616,0.0,1.1580197414188869,1.2226286810524365,25.0,18.0,2.0
617,2.110021706615528e-16,1.1860217019164336,1.3551033090514162,17.0,12.0,2.0
618,0.0004039612636722059,1.1752542632379743,2.179741914041976,23.0,16.0,4.0
619,0.008697939869970275,1.183147467988871,1.956171372250827,19.0,18.0,3.0
620,2.7161104536972984e-16,1.1908897669746383,1.448994155417037,22.0,19.0,2.0
621,0.011372414055300477,1.1633030838169929,1.427351964978508,11.0,10.0,3.0
622,1.1792041551855313e-16,1.1812065998327994,1.2524119301984147,17.0,13.0,2.0
623,0.0,1.1864506894082392,2.051620090873959,15.0,10.0,2.0
624,0.03346569861664201,1.1760325621552303,1.8281675612789658,21.0,16.0,4.0
625,-1.403415659235248e-16,1.15424860512456,1.5224672686999667,19.0,14.0,4.0
626,0.0,1.1657217697420463,1.467703180033281,12.0,10.0,2.0
627,0.023944958381372002,1.1826714871963921,1.787886275993403,23.0,18.0,4.0
628,0.0,1.1803978073247061,1.5129763584014908,17.0,13.0,2.0
629,1.0,1.1691077918067172,2.3811793516636586,12.0,11.0,2.0
630,0.027890780374566587,1.1982250353709412,1.890535286421953,14.0,11.0,4.0
631,1.0,1.1519593927362535,1.816643426616941,14.0,10.0,2.0
632,0.03780644447098739,1.1927288487768022,1.6357866190232733,13.0,12.0,2.0
633,0.006569782330198287,1.1878166919085769,1.5755893964901801,14.0,11.0,4.0
634,0.00037560236103712056,1.157815381001814,1.4747508838369303,15.0,10.0,2.0
635,1.5121641391697178e-16,1.1813498706392145,1.3595207453041516,21.0,19.0,2.0
636,-1.6517133244821844e-16,1.1597172456803135,1.1854861978969422,22.0,15.0,2.0
637,0.004448385212876301,1.1905820737924135,1.6411930802161483,24.0,18.0,3.0
638,0.007198769096158749,1.1564851370150453,2.68519252856317,26.0,18.0,4.0
639,-1.2420687304638969e-16,1.1653420004281907,1.2977224385427863,12.0,10.0,2.0
640,0.003388593561904197,1.1631167332640295,1.651822484327616,13.0,12.0,4.0
641,0.0004311655092942236,1.1706313296734727,1.5043365810651796,22.0,15.0,2.0
642,1.0,1.19185606631352,2.533326672021516,12.0,10.0,4.0
643,-1.271065591411262e-16,1.1513564349393663,1.3007371781549133,11.0,10.0,2.0
644,1.0,1.1791550250366334,1.9737739884788652,12.0,10.0,3.0
645,0.00024683901576516164,1.1642882557230039,2.079475616773377,26.0,19.0,4.0
646,9.092577657470026e-05,1.1984213158664483,1.427224866399035,24.0,19.0,4.0
647,0.002327798703329195,1.172472060965353,1.468404979655474,15.0,14.0,4.0
648,0.05760775518935983,1.1778965126861005,2.197938993161359,22.0,18.0,4.0
649,0.0,1.1943621441223964,1.2266868255032635,19.0,17.0,2.0
650,0.0,1.192197739501574,1.6557038847579073,16.0,14.0,4.0
651,0.015924237346429417,1.1910660250416751,1.7823669376570264,23.0,16.0,4.0
652,0.005282613702537857,1.183012521496423,1.6336235521736313,15.0,11.0,2.0
653,0.03196893517887445,1.1994508544341431,2.025021796015656,15.0,14.0,2.0
654,0.002916121815614032,1.1736503674948398,2.2995220030250576,23.0,19.0,4.0
655,1.0,1.163248547281306,1.8952219333063625,22.0,17.0,3.0
656,0.003876262718647129,1.1706172668167931,1.500062545885759,21.0,19.0,3.0
657,3.083567902603013e-16,1.1638202334255794,1.7012944463209694,23.0,16.0,2.0
658,2.4732847492141466e-16,1.180955484117279,1.3204296095837595,25.0,19.0,2.0
659,0.00017266077260070026,1.1982453471845376,2.4042118317350645,17.0,13.0,3.0
660,0.07299630684114405,1.153568790662382,1.9290958251360042,17.0,14.0,4.0
661,0.06501682927365666,1.1711704712427533,2.4375885242721855,20.0,17.0,4.0
662,1.0,1.1888534547122704,2.894099243848524,16.0,14.0,4.0
663,-1.846557734494633e-16,1.171855108068923,1.588813663348217,22.0,19.0,3.0
664,0.006927160290242467,1.1856320499825672,1.2531543999876802,22.0,16.0,4.0
665,0.0008894014474942443,1.193743425438761,2.1457551461619406,15.0,12.0,3.0
666,0.0006389339181079814,1.1619606911149638,2.0092062877776313,17.0,15.0,2.0
667,0.008381404135139001,1.1504109998575447,1.3998423907084574,20.0,14.0,3.0
668,0.010532460380665189,1.169080904238532,1.4756371708642584,16.0,12.0,2.0
669,0.03163991959462151,1.1633634986375891,1.7567909176812924,26.0,18.0,3.0
670,1.2844642737130479e-16,1.1823372649248165,1.4856503158443333,22.0,16.0,4.0
671,0.003918317926199949,1.1952936913931826,1.257918351181349,14.0,10.0,2.0
672,1.0,1.19060322297754,2.223133032424091,12.0,10.0,4.0
673,0.006463159509722964,1.1743250075951706,2.260197631201533,26.0,18.0,3.0
674,1.467768885011189e-16,1.192019751120001,1.2934709336072152,21.0,17.0,3.0
675,0.02228912428934288,1.164474679852317,2.097955248257025,12.0,11.0,3.0
676,0.005102204745302141,1.1636642057496116,1.8149148106348592,20.0,18.0,3.0
677,0.03773384163935065,1.1855861318052934,1.6631693695016685,15.0,14.0,4.0
678,0.0,1.1882382323199074,1.4935924130037774,19.0,16.0,2.0
679,1.0,1.185454144889534,,13.0,12.0,4.0
680,0.02891729929504926,1.1832332614501735,1.977604371949895,17.0,15.0,3.0
681,1.6492752342782386e-16,1.1847201955794673,1.5332379962285891,16.0,15.0,3.0
682,1.3810480453183054e-16,1.179010402100002,1.7524889112634876,26.0,18.0,2.0
683,0.008690959564087147,1.1890074161643107,1.8608439390626317,15.0,14.0,3.0
684,0.01331585902939465,1.199640301652078,1.6436996835303892,14.0,13.0,3.0
685,1.5129165731854926e-16,1.196219654492828,1.5227591711235906,24.0,19.0,2.0
686,0.018736442661948193,1.187408609647891,1.374485703809303,12.0,11.0,3.0
687,0.0016261662109409514,1.1640747641243205,1.5414663520526326,15.0,12.0,3.0
688,0.04022135701421264,1.1617200905650906,1.4496284644270454,15.0,11.0,4.0
689,0.006632715518848755,1.1521509150491553,1.8455987597356298,22.0,17.0,3.0
690,1.5368575248419432e-16,1.1872294861853057,1.423220390872136,15.0,12.0,2.0
691,1.0,1.1563356825582527,1.7813985122052596,13.0,10.0,4.0
692,0.005049242645833204,1.1826237793059982,1.39970581509634,19.0,18.0,2.0
693,0.0033271433434438435,1.1832779549860897,2.164721167262136,16.0,14.0,3.0
694,0.028646347193928414,1.1563118113747766,1.4111333072087608,16.0,13.0,4.0
695,1.7404272078899362e-16,1.1985694637274404,1.3100765389810263,11.0,10.0,2.0
696,0.005595793533561789,1.189428068011496,1.4623477275084191,24.0,17.0,2.0
697,1.0,1.1692955321517253,2.0595590332841986,11.0,10.0,3.0
698,0.00197934247344551,1.1562427058042675,2.008749424769081,20.0,15.0,4.0
699,0.00043019463258031095,1.1970500699184574,1.8390181577224618,26.0,17.0,4.0
700,0.04871440279051417,1.162087375872196,1.9089560804104397,16.0,13.0,4.0
701,-1.5694900106253122e-16,1.1828211044808088,1.423908492722212,25.0,19.0,3.0
702,1.0,1.1627785875714791,1.8018431775831274,19.0,17.0,3.0
703,0.03164539162528172,1.1862510787765987,1.8786398128104727,19.0,16.0,3.0
704,0.004135050874011011,1.1848389446287446,1.6970048980703683,20.0,14.0,4.0
705,0.03192960185342781,1.1979454263243625,1.6686990778633375,19.0,18.0,2.0
706,1.0,1.195030842535921,1.8993514698231324,15.0,12.0,4.0
707,-2.8135926781992474e-16,1.151998215749619,1.4504423446606103,23.0,18.0,2.0
708,0.0043307135400353,1.1859775775001293,1.5395152763276454,13.0,11.0,3.0
709,0.026762225622855327,1.1761470180754034,1.7408595812717913,22.0,16.0,3.0
710,0.00030392210232953925,1.1674827041226337,1.5151741015917854,27.0,19.0,2.0
711,-3.98744702076238e-16,1.152401352841132,2.170563729925162,17.0,14.0,2.0
712,0.023930609423913896,1.1532905201572163,2.4261840828122363,15.0,11.0,4.0
713,0.01696009560960434,1.1525283665985788,1.9925012996145883,15.0,12.0,4.0
714,0.003218569087822289,1.1755712589931748,1.4094575613078293,16.0,11.0,2.0
715,0.020742964432764577,1.164938334878283,1.7742633590594794,14.0,12.0,2.0
716,0.01771693065394199,1.1518595646474905,1.4477122596148488,24.0,19.0,4.0
717,0.018428602196109495,1.1902465593938625,1.7385635269870812,11.0,10.0,3.0
718,0.07595043949498707,1.1674562219768796,2.049352504421197,17.0,13.0,4.0
719,0.0013339301589389155,1.1630268506637877,1.598983791247906,29.0,19.0,2.0
720,0.006939676581890448,1.1695389765369963,1.5183068849415446,20.0,16.0,3.0
721,0.010198850622885114,1.1912468226738773,2.3364541485360752,12.0,10.0,3.0
722,0.03344709392264747,1.1598808723321883,1.686265566052833,13.0,11.0,2.0
723,0.02254594420875906,1.1916878580341748,1.617140406128945,14.0,11.0,3.0
724,0.0002638462669476067,1.1530002908459023,1.554503538320773,21.0,18.0,3.0
725,0.006387064368573317,1.181548036638848,1.537895344795355,23.0,19.0,3.0
726,0.0828992542009324,1.1651523165428017,2.1687632323754937,15.0,12.0,4.0
727,0.023912058017257487,1.1631860646102405,1.7984013812912065,24.0,16.0,2.0
728,0.04084065920067632,1.1759610608627593,1.517600900639568,15.0,10.0,2.0
729,1.413730587200096e-16,1.166214962090753,1.6502088235832282,20.0,14.0,3.0
730,0.0,1.1622091450340288,1.3934460408821507,25.0,19.0,2.0
731,1.0,1.1880632301745582,1.7110860024705212,14.0,10.0,2.0
732,0.00647817757503374,1.1715697191240213,2.134825248383458,14.0,10.0,3.0
733,-1.5978681878531825e-16,1.1834286066786242,1.4946152816807168,25.0,18.0,3.0
734,0.00029255660937397253,1.1709714056296459,1.3578975272865799,16.0,12.0,2.0
735,0.0,1.1614127127509346,1.3970740038907836,17.0,15.0,2.0
736,1.7528796861978498e-16,1.1926933925536989,1.3275274358411364,21.0,18.0,2.0
737,-1.194625651538288e-16,1.1820787976692386,1.5467335561046593,21.0,19.0,3.0
738,0.01753746226359037,1.1985744391277027,1.7787757328507423,14.0,13.0,4.0
739,1.500789582705659e-16,1.1522810893510582,1.7174691206828216,22.0,15.0,2.0
740,0.02419490252964719,1.178024392861789,1.5315601267338141,21.0,17.0,4.0
741,0.006026594688549651,1.1602269031638863,1.3066287373182208,12.0,11.0,3.0
742,0.07948663804659874,1.1612880590882537,2.2317273292309343,12.0,10.0,3.0
743,0.009781620603474463,1.1720028110730225,1.7950867127247263,14.0,10.0,3.0
744,0.0,1.1732187975915096,1.4632851321318348,16.0,11.0,2.0
745,0.08461320878652492,1.1857904261223577,1.7632398156376907,15.0,13.0,3.0
746,4.8752418755709e-05,1.15755873653374,1.8234014974464738,20.0,17.0,4.0
747,0.05735472982832643,1.182000337148042,1.5718535238690579,25.0,18.0,2.0
748,0.04582828981427516,1.1934073240322656,1.7301794893453057,21.0,14.0,2.0
749,0.020443586247815067,1.1570977655187686,1.8673868189536709,19.0,15.0,2.0
750,0.0022797728945291424,1.1862630495795383,1.5413085769844934,16.0,11.0,2.0
751,0.015370009450098941,1.1500283378511325,1.4123485125669462,18.0,16.0,2.0
752,1.807642100755701e-16,1.1816438008375942,1.9074452242819213,18.0,12.0,3.0
753,0.012848449814720185,1.1668510933677336,1.6338797957572075,16.0,14.0,2.0
754,0.02383229125855256,1.1860162241290009,1.479210691383003,12.0,11.0,4.0
755,1.0,1.166577307557295,1.9802132865243744,16.0,13.0,3.0
756,0.009587087855390832,1.194458382105011,2.0467660918353143,25.0,18.0,4.0
757,0.01095497835338608,1.1535719295806783,1.902363696418891,22.0,16.0,4.0
758,-1.1790564797980514e-16,1.1526419708727709,1.5285232980557317,14.0,10.0,3.0
759,0.023742058966197493,1.1580422302105258,2.0013649394899256,19.0,13.0,2.0
760,0.005054974145530911,1.1533327202417736,1.666891576886008,26.0,19.0,4.0
761,0.05888679461546119,1.1541984510636427,2.502526290702937,15.0,12.0,4.0
762,1.5206203700632518e-16,1.1680758952102632,1.4421302460437717,25.0,18.0,2.0
763,0.0019289014605603063,1.1796839234016838,1.7839254032388125,20.0,14.0,4.0
764,0.0,1.1891226224086362,1.4159234751011458,24.0,16.0,2.0
765,0.0021488779760459936,1.1878332523249515,1.2104836251560935,22.0,15.0,2.0
766,0.013500733467570547,1.1820310162974381,2.6988474929063484,18.0,12.0,4.0
767,0.002220398094950946,1.1911966866145578,1.5040329811716384,16.0,14.0,4.0
768,0.020531356593573948,1.152729647446724,1.3033752548835982,12.0,11.0,3.0
769,0.000930198665099072,1.1986889407633248,1.8291721478667973,21.0,19.0,3.0
770,0.022133444191757688,1.175998985568933,1.66544584189755,20.0,17.0,4.0
771,0.047446336466966166,1.1576480154631072,2.278215646606287,24.0,16.0,4.0
772,-1.880051071271811e-16,1.1774665017392607,1.2169170525924853,13.0,12.0,2.0
773,0.0326428381758922,1.161819547466996,1.767645120245343,22.0,17.0,3.0
774,0.018218742617168677,1.1918461311275539,1.5763257221475795,19.0,14.0,4.0
775,0.008611805785629595,1.1717137445674324,2.5250638226573927,16.0,13.0,4.0
776,0.0062305091826461816,1.194235795584356,1.5005026158930104,22.0,15.0,3.0
777,-2.0345911868483145e-16,1.1935798197466214,1.4379849978221475,16.0,11.0,2.0
778,1.0,1.1883095875445284,1.979615726765201,14.0,10.0,3.0
779,0.056734215952051734,1.1783548594295012,2.4551061039494155,21.0,16.0,4.0
780,0.0,1.1581968408695384,1.2245972278824315,17.0,15.0,2.0
781,0.0,1.1627129371318092,1.3130475631663223,18.0,12.0,2.0
782,1.0,1.1577671684384592,2.3631347840536514,19.0,16.0,4.0
783,-1.2290420163097948e-16,1.1985806943551192,1.241159113480789,17.0,11.0,2.0
784,0.007427987587697264,1.1566356355924463,1.6810307978687555,14.0,10.0,2.0
785,0.028954711971795034,1.1622699212137164,1.2235042458468632,19.0,13.0,2.0
786,1.0,1.1647352291390753,1.7653768823553235,13.0,11.0,4.0
787,0.0965702502610919,1.1821448833053319,1.8207023778500269,13.0,11.0,2.0
788,1.0,1.1696333040084903,2.4043985657783815,19.0,16.0,4.0
789,0.007222848581029794,1.1515048948140776,1.685227307949568,21.0,15.0,2.0
790,0.002657913208313355,1.1799693176155799,1.7705154539927719,24.0,18.0,2.0
791,0.0015907779137084173,1.197468991104591,2.2188587400704614,21.0,14.0,3.0
792,0.0013960557902642267,1.1960205753482265,1.5807767062671045,19.0,17.0,2.0
793,0.006303995407023222,1.16714624198466,1.6506108128368138,24.0,18.0,3.0
794,0.0019282646278112067,1.1866147636036024,1.627381701582111,22.0,17.0,3.0
795,0.008575293032529718,1.1982482854375058,1.6040757372113088,15.0,12.0,4.0
796,0.04329946319454901,1.1702911510018923,1.400131612879194,11.0,10.0,4.0
797,0.04669497784652108,1.1662170656803406,2.050758706993516,11.0,10.0,4.0
798,0.028711382687811697,1.1857235113927433,1.3153307389119704,20.0,15.0,2.0
799,0.012024093608749111,1.1962529709641156,2.3262033513046987,15.0,10.0,4.0
800,0.001403156721750562,1.1976209238985736,1.2824185971190898,17.0,16.0,2.0
801,0.0002542718056432052,1.1780403105694066,1.2460051259820082,25.0,19.0,2.0
802,2.0870478090001175e-16,1.190823608172795,1.3508549908218161,28.0,19.0,2.0
803,0.0025819793031903026,1.171908501197953,1.578670201705823,22.0,17.0,2.0
804,0.011261860947532228,1.1989036957800716,2.166563853034523,16.0,12.0,4.0
805,0.0,1.1924440926645985,1.7223348640297367,13.0,10.0,2.0
806,0.00010927939938015782,1.1967987410566445,1.7841018872636045,23.0,16.0,3.0
807,1.271926808527989e-16,1.1979404160390268,1.4382211726380614,19.0,16.0,2.0
808,0.006339862830835304,1.1597745842575777,1.7545601140431906,15.0,12.0,2.0
809,-1.6625465267073449e-16,1.1807727838257969,1.4677938951039404,18.0,17.0,2.0
810,0.0014824804768161632,1.17715407437866,1.2178823918650856,14.0,10.0,2.0
811,1.0,1.1639867761455742,,16.0,13.0,3.0
812,0.01564905541105148,1.1713236271774752,1.6985640908411517,11.0,10.0,3.0
813,0.00821114042222501,1.1583834952423466,1.5343954321732662,22.0,16.0,3.0
814,0.01523775867925047,1.1671536446079238,1.838933425676692,23.0,17.0,3.0
815,0.0006904617756316101,1.1618248642919335,1.3550083409833398,15.0,13.0,3.0
816,0.05284219728591508,1.188104051610313,2.636335680477083,16.0,13.0,3.0
817,0.0018273558728885365,1.1888397328139066,1.6908026871047375,18.0,12.0,2.0
818,0.00028608000925623784,1.1847102515252819,1.6892538145919573,15.0,14.0,2.0
819,2.2702139478236115e-16,1.1579462583315796,1.7966409463970243,17.0,11.0,2.0
820,0.018299234242827596,1.1596452163140556,1.2563802431717088,25.0,17.0,3.0
821,0.00999833326672979,1.1609123759067654,1.7661807614192442,28.0,19.0,4.0
822,0.0,1.1901549997793321,1.5565949394794725,24.0,18.0,3.0
823,0.028713450705185394,1.1538654371207093,1.5715215335222013,13.0,11.0,3.0
824,-3.047776674236648e-16,1.18014728156563,1.5029368283783635,16.0,12.0,4.0
825,0.0,1.1799309750202336,1.6845806657595872,21.0,16.0,3.0
826,-1.6787071250365553e-16,1.1581158167479635,1.3751223587482917,20.0,17.0,2.0
827,0.0009826559786130372,1.1792730829364602,1.5067692541632347,14.0,12.0,2.0
828,0.0672754588845034,1.1798959594479577,2.5212075641116067,20.0,15.0,4.0
829,1.7528838219201392e-16,1.197661453893341,1.4340763469556448,20.0,17.0,2.0
830,0.06627607955345481,1.1811877788778078,2.1648599041175927,14.0,10.0,3.0
831,0.00022810490772541135,1.1680768810014586,1.5829668401476662,28.0,19.0,4.0
832,0.034907098978542335,1.151456559855728,1.6945865245641818,17.0,15.0,4.0
833,0.0030512454771216774,1.169113654673111,1.385698083166448,23.0,15.0,4.0
834,0.0,1.1661078030945364,1.3139760172104273,25.0,19.0,2.0
835,0.042174005810463926,1.172827791334443,2.194662599919897,17.0,11.0,4.0
836,0.02985913014221023,1.1757631973903617,1.5727071100957413,25.0,19.0,4.0
837,0.0,1.1619382822781845,1.2851524202091398,21.0,19.0,2.0
838,0.07757586030976517,1.1746195792473941,3.336815048626138,17.0,14.0,4.0
839,0.0070219665440707235,1.161405133034609,1.7651450739279702,20.0,17.0,3.0
840,3.5597545465197685e-16,1.1763449680316724,1.4661848623635352,18.0,13.0,2.0
841,0.031064024696026833,1.1812924757685697,2.143745352309005,20.0,16.0,4.0
842,0.0,1.1531886160863112,1.5361122370538807,23.0,18.0,2.0
843,0.0,1.1523559689006233,1.224914835505983,23.0,16.0,2.0
844,0.011088393497228009,1.1888314743585817,1.4554087330715149,23.0,18.0,4.0
845,0.0,1.16948718640479,1.4369672352880158,16.0,12.0,2.0
846,0.0,1.183245329649664,1.7400962029663043,18.0,13.0,2.0
847,0.02420551441500231,1.1981474697106136,2.1473309586859095,15.0,12.0,4.0
848,-1.2080990816109204e-16,1.1614221433782774,1.4137881689152587,14.0,11.0,3.0
849,1.313077809281037e-16,1.1995204478768864,1.3533852183188426,14.0,13.0,3.0
850,0.04396470783510003,1.1693798863944636,2.202913484361351,15.0,10.0,3.0
851,0.002766382460328082,1.173905620696532,1.2104842091954302,13.0,11.0,2.0
852,0.003336757902643858,1.1534580937712808,1.7734332896507408,13.0,10.0,2.0
853,-2.0006259031039788e-16,1.1697682855484302,1.4126201679485206,20.0,17.0,2.0
854,0.022783580763599424,1.188609002377767,2.564184546202989,21.0,19.0,4.0
855,0.004822062900158933,1.1562007910645988,1.3573148997089484,18.0,17.0,2.0
856,0.005627772976990696,1.1691764900382022,1.760443312488185,21.0,18.0,3.0
857,0.004081035182489608,1.162095234026431,1.6815052386971905,18.0,15.0,3.0
858,0.01575156510317145,1.1733278298290215,1.4037174333149671,15.0,12.0,3.0
859,0.03225240831722737,1.1695485921620388,2.5328822759148077,13.0,10.0,3.0
860,0.0,1.1597544816349437,1.4062422628624394,13.0,11.0,2.0
861,0.0,1.163407702833642,1.5006538215172625,13.0,11.0,2.0
862,2.0621092388962255e-16,1.1749448200767936,1.306338117116244,11.0,10.0,2.0
863,0.0021820947293137317,1.1585522062952995,1.3354609041116228,15.0,14.0,3.0
864,0.0008790561506317271,1.173821736799398,1.7059770299539216,27.0,19.0,3.0
865,0.01617280819392819,1.1865267136487117,1.5724078286657046,14.0,11.0,4.0
866,0.01335724896183051,1.1766694046678579,1.5916241828796012,22.0,17.0,3.0
867,0.005070316488915924,1.1727808117696423,2.0045339474461947,13.0,11.0,4.0
868,0.0,1.1786275721748174,1.2440439336835105,16.0,14.0,2.0
869,0.0,1.1715625212017344,1.2889671505886584,21.0,18.0,2.0
870,1.0,1.1734147542425881,2.0642483729538434,24.0,17.0,4.0
871,2.1079032296858344e-16,1.184194061820456,1.852381262172907,19.0,16.0,3.0
872,0.0,1.1930353223335235,1.2423764990311892,21.0,16.0,2.0
873,0.003021246748772415,1.1757440916369468,2.1842339977120853,28.0,19.0,4.0
874,0.0014900618401665477,1.195429901881808,1.296977623620198,18.0,13.0,2.0
875,0.01831618412105341,1.1684622140795273,1.555983403122549,17.0,16.0,3.0
876,0.0,1.1693283702419226,1.2980900702908142,23.0,16.0,2.0
877,1.8118464472940968e-16,1.150133124282493,1.1677163689846826,18.0,14.0,2.0
878,-1.481154355757854e-16,1.1832484209881344,1.3584745784109309,17.0,15.0,2.0
879,0.0020014311446129637,1.1841953355584431,1.6481438627111218,12.0,11.0,2.0
880,0.05998747413931787,1.1878522137564451,2.0200085220467114,21.0,16.0,4.0
881,0.030009183285975967,1.170152871345972,1.7548523234417517,17.0,15.0,2.0
882,0.0057865753935032035,1.1923353249136615,1.2269515139003677,21.0,19.0,3.0
883,1.1530342723108182e-16,1.1714837381763834,1.4803534535905611,26.0,19.0,3.0
884,0.00022624784527002742,1.1799490352558442,1.267821447753083,20.0,18.0,2.0
885,0.006805592336349479,1.1728326042098172,2.2355926779188877,20.0,15.0,4.0
886,0.005705432075087263,1.1806572807271152,2.1460801089974484,24.0,17.0,4.0
887,1.0,1.1869932838086015,2.280816126684483,22.0,18.0,4.0
888,1.0,1.1607805056287976,2.161859608994643,15.0,12.0,3.0
889,0.00793188994796871,1.1806024493363954,1.7630875734181195,18.0,15.0,4.0
890,0.08452366534067762,1.1786666061112343,2.1607488120584923,20.0,14.0,3.0
891,0.02161954132746242,1.1579611839324193,2.0806128183942265,23.0,19.0,4.0
892,-1.4520197353738326e-16,1.1585905011064446,1.6011732651142478,12.0,11.0,2.0
893,0.0879785135598993,1.1810790693711795,1.9052207836472825,16.0,12.0,3.0
894,0.0006354691128362067,1.190469836894677,1.4778496438368676,21.0,19.0,3.0
895,0.002616708642275169,1.1947879335905052,1.5119408241371834,20.0,15.0,3.0
896,0.0010588083674075393,1.1808354459286947,1.3043243071265178,19.0,13.0,2.0
897,0.011233895524980919,1.1839936659278658,2.117266883108212,23.0,17.0,4.0
898,0.007507406597220619,1.1955125097234496,2.322229283131519,20.0,13.0,4.0
899,-1.401770582502602e-16,1.194872635115495,1.4256799295679587,15.0,11.0,2.0
900,0.02246640768405872,1.1861327086736722,1.4527302890552658,20.0,14.0,3.0
901,0.004809221467584108,1.152441589926849,1.64101134583025,16.0,14.0,3.0
902,0.0,1.1819426261657402,1.6109519507853813,11.0,10.0,2.0
903,0.011231734783540115,1.1795531311256857,2.0186897059942157,13.0,12.0,3.0
904,0.0005429611668783763,1.1654646203806132,1.3482589107480627,17.0,11.0,3.0
905,0.045669706630179295,1.1930774045501276,1.6628128451180075,15.0,13.0,3.0
906,0.008464289321641718,1.1772226356087454,1.9370396156746994,20.0,19.0,4.0
907,0.0,1.1726455463390977,1.85561877448386,16.0,13.0,3.0
908,0.044328697659405156,1.16649100564708,1.677461522851739,18.0,14.0,4.0
909,0.11200888492612279,1.164246818435893,2.2190735688725787,18.0,17.0,4.0
910,0.018911014238975773,1.1500056657903093,1.4937762302371775,24.0,17.0,3.0
911,0.06911820111329554,1.1642516055454828,1.6240397223206626,12.0,11.0,3.0
912,-1.9726984775567618e-16,1.1606322563757112,1.1634984120123417,21.0,16.0,2.0
913,0.005501546063038874,1.1717544526228572,1.4073405171151527,14.0,12.0,3.0
914,1.0,1.1525326314868853,1.6918657713998333,12.0,11.0,3.0
915,0.002722191206038535,1.1837176564695016,1.2101950958980252,22.0,19.0,2.0
916,0.03573499871550603,1.1957274686656605,1.6611872025802663,14.0,10.0,3.0
917,1.7330603682636783e-16,1.1845403217751282,1.6072791300446938,20.0,14.0,3.0
918,1.0,1.1910110606720603,3.2364991194794417,14.0,12.0,3.0
919,0.00026963617113666806,1.1556609262605422,2.1826905314299268,17.0,12.0,4.0
920,0.12307603106275083,1.185181301302061,2.4291998650511277,19.0,17.0,4.0
921,0.0038711098837592487,1.15506035010643,1.3442370087622917,23.0,19.0,2.0
922,1.76318232032048e-16,1.1918527191725548,2.010197895861804,20.0,16.0,2.0
923,1.1733627591760456e-16,1.1820338205506584,1.5514058881395154,22.0,19.0,2.0
924,0.01545337391336774,1.1650995283897894,1.603172528092482,13.0,10.0,3.0
925,0.031647433834228945,1.1770027422927167,1.5816900911323797,23.0,18.0,4.0
926,0.0022868391153372477,1.1844733115529864,1.1336271805122307,12.0,10.0,2.0
927,0.00021096278954771928,1.1507547636126285,1.4553825676764434,15.0,10.0,3.0
928,1.0,1.1922612476168357,2.083962847158173,27.0,18.0,4.0
929,2.7535183048630927e-16,1.1832120229389678,1.3697042867031788,20.0,17.0,2.0
930,0.003454875355624586,1.1572241274076547,1.585194183175058,19.0,18.0,2.0
931,0.013326905382141823,1.195910035763601,1.698932623051169,20.0,13.0,3.0
932,0.004972475450622881,1.1938257088673097,1.7267484853197845,26.0,17.0,3.0
933,0.01667660059491496,1.16068668665491,1.6446434779875185,16.0,12.0,2.0
934,0.010557811943829763,1.1832966967824428,1.5128506751649446,14.0,13.0,3.0
935,0.014484013110540499,1.1607496034775453,1.572050635129134,20.0,14.0,2.0
936,0.0027716718108179474,1.1728564936997503,1.6229214825430751,25.0,18.0,3.0
937,0.0001532794504503909,1.1788142479892378,1.2176421786227556,22.0,16.0,2.0
938,0.00043750136754066996,1.1607693241997736,1.775408485785593,29.0,19.0,3.0
939,0.0013501188412078351,1.1984947515854842,1.38447228384153,19.0,18.0,2.0
940,0.0003107357771684057,1.1777528484555202,1.3837556320248103,23.0,19.0,3.0
941,0.03211342868740095,1.19832240522505,2.02114734439283,15.0,10.0,3.0
942,-1.1240579138688024e-16,1.1534437007072817,1.7317020876277651,27.0,18.0,2.0
943,0.019237099610541097,1.1547046785288981,2.0430585690445775,20.0,15.0,4.0
944,1.5945010854210787e-16,1.1883416896558874,1.6388918539467061,17.0,14.0,2.0
945,0.00014524101051248438,1.1688151439219516,1.5666958189145788,18.0,17.0,3.0
946,0.011116154710620756,1.15414023809378,1.382027046791723,18.0,12.0,3.0
947,0.02699914949756133,1.1666604634539453,1.7211300192975483,25.0,17.0,4.0
948,3.0492246181477898e-05,1.1597818548757395,1.4747587613397415,27.0,19.0,3.0
949,0.029538189233688922,1.1834506186008316,1.8509292629718574,17.0,16.0,3.0
950,1.0,1.1540985026597916,2.454625870505697,13.0,11.0,4.0
951,0.035614801358421724,1.1903532549823426,1.574253902474062,21.0,15.0,3.0
952,0.006498623455340526,1.1979565288560832,1.229315515346073,11.0,10.0,2.0
953,0.02939434956358979,1.1533049874256536,1.4720170923743883,23.0,18.0,2.0
954,1.4105714949495635e-16,1.1535652169540018,1.371352637210118,25.0,18.0,2.0
955,0.0,1.184226381994929,1.2717085080077095,17.0,16.0,2.0
956,0.0034398530037246812,1.1818824876801601,1.400318087010512,24.0,16.0,2.0
957,0.08831592370398228,1.1764646855569767,1.9094482067365488,24.0,17.0,4.0
958,0.00027323450257044155,1.1887237094849807,1.704925926341753,20.0,15.0,2.0
959,0.01567142975076179,1.1501230273334646,1.6604185870087278,23.0,17.0,4.0
960,0.03025616527361627,1.1509423678883737,1.8172460582345267,21.0,19.0,4.0
961,0.0007239400043203133,1.1789380614896692,1.3119027695202625,27.0,19.0,2.0
962,0.0005959725629238901,1.1521387204134057,1.6069509865975156,11.0,10.0,3.0
963,1.8697144746903513e-16,1.1894196893896571,1.3676705050646765,12.0,10.0,2.0
964,0.00035287286351685275,1.1867261085369047,2.4470226086736373,20.0,13.0,3.0
965,0.0005989666301039227,1.1692359239405008,1.529171517599381,20.0,15.0,4.0
966,0.0,1.1886750448172327,1.2178841936769733,15.0,11.0,2.0
967,0.006001989425131575,1.1911469319174637,1.8316029969792338,25.0,18.0,4.0
968,0.00011473903503476974,1.1984318784716728,1.3915224349492157,18.0,17.0,3.0
969,0.012944577885741975,1.1695440867148208,1.4477070030386008,16.0,12.0,2.0
970,0.022146310611479873,1.1979983186367464,2.1846342651783615,20.0,15.0,3.0
971,0.004205049194510742,1.1796686401167018,1.647373450297941,15.0,10.0,2.0
972,1.4142233895965013e-16,1.198979982100747,1.3340894813644573,21.0,19.0,2.0
973,0.0010425185249400885,1.1865201546998447,1.3049846195403352,23.0,19.0,2.0
974,0.008645859727176646,1.1582961065895063,1.7732205832904986,18.0,14.0,4.0
975,1.351350409942249e-16,1.1995495612028715,1.3789156378525274,18.0,13.0,2.0
976,0.004434889126819473,1.1605072796482823,1.9404719253597618,19.0,14.0,4.0
977,-1.2824151847337228e-16,1.1516793466485717,1.3293525590275255,25.0,19.0,2.0
978,1.0,1.1798374045968454,2.621336930278025,16.0,15.0,4.0
979,1.4942477329892026e-16,1.1826590440729312,1.4327028406190092,11.0,10.0,2.0
980,0.00012892565804429037,1.160363511928297,1.2701813373935942,19.0,16.0,2.0
981,1.0,1.1722214258766614,1.8249646977548994,20.0,17.0,3.0
982,0.002249390861411664,1.1860123344482778,1.9098068945934412,20.0,14.0,3.0
983,0.0,1.1914083332048722,1.3326178722987285,22.0,19.0,2.0
984,0.01897569515642544,1.1515987535997028,1.352728795942389,13.0,10.0,2.0
985,0.005353667379142419,1.169997389668934,1.7143839952321163,18.0,13.0,3.0
986,0.0,1.1833388696470515,1.2155887752756067,13.0,11.0,2.0
987,0.049197237749428996,1.1624197525895053,1.7780394428763449,20.0,18.0,4.0
988,0.00048292404034971226,1.1964059405288614,1.4777733212068789,20.0,17.0,2.0
989,0.009134498406490768,1.1720336649329348,2.2359006146155114,21.0,14.0,4.0
990,0.0003248273081875461,1.1738821080093305,1.5495482907754186,17.0,13.0,3.0
991,0.0023677008512094384,1.1824787125015346,2.132281271876806,16.0,12.0,4.0
992,0.025552118067109005,1.1661825816249882,1.6782879139398768,21.0,18.0,4.0
993,0.023327796504311344,1.1772781905365572,1.6320354836722166,23.0,16.0,3.0
994,0.03255797097627803,1.176683778042914,1.7910297809566609,18.0,12.0,2.0
995,-1.234380772804667e-16,1.1988717067531263,1.409866751660366,15.0,10.0,2.0
996,0.0015054037022221697,1.1841475201599794,2.244023018733832,21.0,14.0,4.0
997,0.02394868617142423,1.1747590049987253,1.4031374505973648,22.0,18.0,4.0
998,0.017657516102097117,1.1600621603113133,1.6869463636346302,26.0,17.0,3.0
999,0.02946356556441776,1.166764350348721,2.0033347069422893,15.0,13.0,4.0
