,price of fairness,viol_coeff,max_unfairness,no_items,no_pos,no_prop
0,0.05529134961412752,1.16565174567401,1.5509179452009008,18.0,12.0,4.0
1,0.06828682580157411,1.1689629420834629,1.2992712708082153,16.0,13.0,4.0
2,0.014099377449268573,1.1585091744365374,1.0500095347641607,18.0,13.0,3.0
3,0.0016106730456969473,1.157935600072371,1.3483656616946298,22.0,15.0,4.0
4,0.0,1.1769725420827108,1.0239355646841386,16.0,14.0,3.0
5,0.007261510228616963,1.1934907347675774,1.1202327657815638,18.0,16.0,4.0
6,0.0,1.1947281033546147,0.9636449340527864,21.0,16.0,3.0
7,0.018070672261030332,1.1726478450997972,1.1629858065368528,26.0,19.0,3.0
8,0.008893989722231767,1.1496322357027295,1.5720032820763505,16.0,12.0,4.0
9,0.0,1.1303553955561823,1.1191874213828594,23.0,17.0,2.0
10,0.0018022778233760688,1.139534664818593,1.1521400158126274,17.0,16.0,4.0
11,1.197726662452565e-16,1.1873555505439701,1.046322584948911,22.0,16.0,4.0
12,0.022253300050187375,1.111648068111452,1.201656528754037,17.0,16.0,4.0
13,0.007452508972905486,1.131023321131762,1.0906803692284988,25.0,17.0,3.0
14,0.006872622177339611,1.1604603918653535,0.908211017155746,19.0,13.0,3.0
15,0.0,1.1468070991336363,0.890941193299833,27.0,18.0,2.0
16,0.0010875011508706036,1.162846256338702,0.9566250606718357,26.0,19.0,3.0
17,-1.1470425067451245e-16,1.1923411324618212,1.0696399510721444,18.0,16.0,3.0
18,0.03488846106133749,1.1058339081263129,0.9434017087078584,15.0,10.0,2.0
19,0.014496126628764192,1.118483144858737,1.1772131246416209,25.0,17.0,4.0
20,0.052936554850831874,1.1768580774602888,1.0620157069444949,17.0,12.0,4.0
21,-1.5775765596153613e-16,1.1411258109304654,0.9159795751977629,21.0,19.0,2.0
22,0.0026072127389767967,1.126662247981694,1.2083503506258708,23.0,17.0,4.0
23,0.029692071028912973,1.169987970081417,1.2466507544430945,19.0,14.0,3.0
24,0.012813543850919814,1.1633769015173694,0.9909060852454273,23.0,18.0,3.0
25,0.015407450324129072,1.18308030521687,1.386692226209895,18.0,17.0,4.0
26,0.0002399335618999038,1.194092554531122,0.8864868027856949,15.0,12.0,2.0
27,0.004787786760312781,1.1060515493629992,1.2190447046004032,13.0,11.0,3.0
28,0.0038966526344708934,1.1190371418131395,0.9242240830476269,20.0,17.0,3.0
29,0.0019413756729607962,1.184767696673349,1.2976295927418704,20.0,17.0,4.0
30,0.022638358815218626,1.1123733616561648,1.0664656337236518,21.0,16.0,4.0
31,0.013495073514214107,1.1918417156008443,0.8707265950711611,17.0,13.0,3.0
32,0.024693991631985348,1.1375282024261941,1.127888652879536,14.0,12.0,4.0
33,0.0,1.1356919697945784,1.0195000878304563,16.0,12.0,2.0
34,1.6310994938792791e-16,1.171885420607937,1.0191203534344595,17.0,11.0,4.0
35,0.0004917791855279693,1.1666084765219247,0.9242341778148491,22.0,18.0,2.0
36,0.02690552605064435,1.1312882344720785,1.6163133897642448,25.0,17.0,4.0
37,4.540894455421366e-06,1.1196227761357787,0.9150981626647952,15.0,13.0,2.0
38,0.006014443972103379,1.1885667853996842,1.2713926657941386,23.0,19.0,4.0
39,-2.5467918530695187e-16,1.16557755501222,0.9209582204329638,27.0,19.0,2.0
40,0.0083599375940777,1.1916119433332744,1.0976773517452714,16.0,13.0,4.0
41,0.004802813076894521,1.1824394305162769,1.1823252352693305,19.0,18.0,3.0
42,0.005167234609904295,1.1029155745199848,1.0243911739882374,25.0,19.0,4.0
43,0.00686860568075964,1.1326907576661722,0.9311227046690415,17.0,13.0,4.0
44,0.023823953571994353,1.163760281698431,1.0463596880061867,15.0,14.0,2.0
45,0.0076765145314295555,1.1438563734360525,1.5202755725359787,18.0,17.0,3.0
46,0.014006234828216155,1.1329744311011885,1.0718480704596105,18.0,12.0,4.0
47,0.004039962717519739,1.1073679999964392,1.1444900158217932,29.0,19.0,4.0
48,0.011997774702186017,1.1300892713247286,1.029462686200422,20.0,13.0,2.0
49,0.08434556514730503,1.1335724516192252,1.3483085404680375,11.0,10.0,3.0
50,0.0028032197371142932,1.194401216056897,0.9475857907789036,18.0,16.0,3.0
51,1.186312423892289e-16,1.1631548240811767,1.0710616025438335,25.0,19.0,2.0
52,0.02808746017851815,1.1609408386878761,2.080575464085189,14.0,10.0,3.0
53,0.0009426718656808965,1.1481317753349465,0.9766457945371406,26.0,19.0,3.0
54,0.005233439918621052,1.1882200530632105,1.2361319474391363,18.0,13.0,4.0
55,0.009006149339744765,1.1367204468965235,1.3494586250282812,25.0,17.0,4.0
56,0.01163760054441555,1.1597886131769426,1.430339986442029,12.0,10.0,4.0
57,0.009984080819927726,1.1006131024302257,1.2931818514688305,11.0,10.0,4.0
58,0.0,1.1788706259243775,1.084522993404265,20.0,17.0,2.0
59,0.0,1.1478798359903155,0.9793663232512633,19.0,17.0,3.0
60,4.688807736141225e-05,1.1503393017181143,0.9096743675370628,25.0,17.0,3.0
61,0.0013230910645964154,1.1511937709017623,1.2303743371639246,19.0,13.0,3.0
62,-1.2452615670504547e-16,1.1886742254518394,0.8623265646071878,24.0,16.0,2.0
63,0.02097234761041101,1.1339596282616293,1.5412548854246069,23.0,16.0,4.0
64,0.00655228913903034,1.195966797044681,0.9451507925170839,25.0,18.0,3.0
65,0.028701770997517057,1.1775676080895496,1.073383073656008,14.0,11.0,3.0
66,1.1368102895656988e-16,1.1657064147063045,1.2122976422319494,19.0,17.0,3.0
67,-1.3769667227527666e-16,1.1011557147559434,1.1095484247331453,21.0,19.0,2.0
68,0.00019445672494123543,1.127999873926,0.962439204157673,20.0,15.0,2.0
69,0.00853303141497923,1.1885574075603937,1.1239337587313767,14.0,11.0,4.0
70,0.05284747977268033,1.1974164544674788,1.8681655326816786,12.0,10.0,4.0
71,0.0,1.1317497235539498,1.0363790125456602,21.0,15.0,3.0
72,-1.5094865630661242e-16,1.1439895988894275,1.0986019939900846,21.0,17.0,4.0
73,0.012551514480518314,1.1032167743816712,1.0912755106162886,19.0,13.0,4.0
74,-1.752032931814565e-16,1.1941651451802244,1.2170301994531048,14.0,12.0,4.0
75,0.00867444958292476,1.1115634889101262,1.4304091477463208,17.0,16.0,3.0
76,0.023515876791916468,1.117709868811775,1.1094551609059171,13.0,12.0,4.0
77,0.0,1.1653411750354217,1.188013463954535,18.0,14.0,4.0
78,0.01156091422803487,1.1006922505459,1.0834603207684692,19.0,16.0,2.0
79,0.0005802962562476424,1.173761793728356,0.9164747849718748,25.0,18.0,2.0
80,0.010494101955008096,1.1946637718431063,1.0327639804877922,16.0,14.0,3.0
81,0.0,1.182058732379704,1.2193899623813644,19.0,13.0,4.0
82,0.0,1.1233200523643787,1.3049347592622207,15.0,13.0,3.0
83,0.02726597408013194,1.1009691183546286,1.3252014445551168,18.0,13.0,4.0
84,0.007425317691906935,1.1017563445403002,1.048586011802974,13.0,12.0,3.0
85,0.03491438447568185,1.182783005230901,1.3108706652535649,16.0,14.0,4.0
86,0.0003068223943926991,1.1645378349452171,1.0900302045810493,26.0,18.0,4.0
87,0.02574816213846211,1.1328305295926397,1.039112724177167,12.0,11.0,4.0
88,0.0077139628288287404,1.1929417706626457,0.8726521337059443,19.0,16.0,2.0
89,0.0,1.13595800301699,1.083892731843649,25.0,19.0,2.0
90,0.006121310739109137,1.1718664296942585,1.1302855362356503,20.0,16.0,3.0
91,0.000430848432932993,1.1872355055377113,1.1238452186254113,24.0,19.0,3.0
92,0.0077222170101377075,1.1278396265455295,0.9811078477990332,23.0,17.0,2.0
93,0.00044414553487953076,1.1025434236878038,0.977822273269631,17.0,13.0,2.0
94,0.008362595312206136,1.1545590973660944,1.0473934632926962,15.0,11.0,4.0
95,0.007643597114245205,1.148757784938931,1.322649692764708,27.0,18.0,4.0
96,0.015732696774985688,1.1371250444545675,1.2676111048852854,15.0,12.0,4.0
97,0.013927761333028452,1.1460544812153521,1.2489009639591617,14.0,10.0,4.0
98,0.0019239910312370014,1.1285742148539486,1.0238207875287568,22.0,17.0,3.0
99,0.0038276444914683606,1.1221506405035355,1.0808342238930897,26.0,18.0,4.0
100,0.005567844146383482,1.1679986968419147,1.6033849449425415,13.0,11.0,2.0
101,0.021577115321147953,1.1536338726488518,1.0985612259228392,12.0,10.0,3.0
102,0.0093466084014202,1.1487646273974261,1.0446127536461318,20.0,16.0,3.0
103,0.0,1.1681742493896312,0.9529871764004166,21.0,14.0,2.0
104,0.008594191122215766,1.1017357951827917,1.0066036233308104,18.0,16.0,4.0
105,0.001299777550305646,1.188647294923531,1.1254793763595512,16.0,11.0,3.0
106,0.0017151618632392758,1.1227632535211818,1.0764988834898968,21.0,18.0,3.0
107,0.02186949806698281,1.1099170326466308,1.068234936236782,20.0,17.0,4.0
108,0.0,1.186024116336731,1.0305777599343946,14.0,13.0,4.0
109,0.0032441219595553228,1.1949738620863115,0.9805024942347593,19.0,18.0,4.0
110,0.0,1.1843128538989744,0.8509630802824008,20.0,18.0,2.0
111,0.003427189352260642,1.168452127070216,1.1204654874730724,14.0,13.0,4.0
112,1.2854784327489408e-16,1.152212265924244,0.9142210989457337,12.0,10.0,2.0
113,-1.6593565870408194e-16,1.1787447032546279,0.976767078831902,21.0,19.0,2.0
114,1.519400948650496e-16,1.1401671389911991,1.0276249333693641,19.0,15.0,2.0
115,0.03670844007636737,1.165057395094173,1.14017793817872,24.0,16.0,2.0
116,0.0032935749941423857,1.1746769091991505,1.093989002429445,20.0,14.0,4.0
117,1.2575172156002722e-16,1.1409399214444047,1.1664517433849098,21.0,15.0,2.0
118,0.00680724276279208,1.161706398000313,1.0396603518767895,28.0,19.0,3.0
119,0.0005289874480887531,1.1233368904880154,0.9247253796944326,22.0,17.0,2.0
120,0.0015746231401732183,1.1326101631002146,0.9346471354695665,18.0,12.0,2.0
121,0.0,1.1331084363579664,1.2706342936671629,17.0,14.0,3.0
122,0.004219861042952132,1.1112461575690014,1.1421390122520452,18.0,14.0,4.0
123,1.372710321096271e-16,1.1949343067909344,1.2298104576878932,19.0,15.0,3.0
124,0.0,1.1002218095748273,0.9413232319937727,16.0,14.0,2.0
125,0.0,1.187668794219851,0.8709394877984343,12.0,11.0,3.0
126,0.0,1.1554785539861343,0.9703650595940448,13.0,10.0,3.0
127,4.064030915201665e-16,1.1654556499345752,0.9806436360042063,19.0,13.0,2.0
128,0.008569116601418977,1.135647417062058,1.0428813270698745,15.0,10.0,3.0
129,1.5571019434526432e-16,1.14289203675491,0.9925582186862039,19.0,18.0,2.0
130,0.014209417818383446,1.109258022765643,1.2600921774219638,24.0,19.0,4.0
131,-2.2816664587156413e-16,1.1017445963982135,1.773947953059294,15.0,12.0,4.0
132,0.010497397805461486,1.137079781166088,1.2732413197645844,20.0,14.0,4.0
133,0.011954777106152652,1.1776885348403752,0.9793796288524077,16.0,11.0,3.0
134,-1.3163534121075344e-16,1.1260619110040693,0.9184594316638764,21.0,19.0,2.0
135,0.0002463602249682185,1.129592967605575,0.9610360075603813,21.0,16.0,4.0
136,0.02011459869574117,1.179854436835324,1.2590027698988213,15.0,11.0,2.0
137,3.352325104007798e-16,1.1797206096920358,1.206916810041515,14.0,11.0,4.0
138,-1.225027788300063e-16,1.1796245450827094,1.1120764025154397,21.0,19.0,4.0
139,-1.6495377626373558e-16,1.1817570076377484,0.904023429148047,23.0,17.0,2.0
140,0.0,1.1722114609511636,0.9512509402604749,15.0,14.0,2.0
141,0.0012356118913841197,1.1562454022053548,0.9809457887522662,14.0,13.0,3.0
142,-2.0477477636309127e-16,1.157761601357955,1.246939203874811,18.0,12.0,2.0
143,0.004487267724795613,1.1124343495291373,0.9752172531884881,19.0,17.0,2.0
144,0.0,1.1396171342422203,1.0109813716994054,20.0,13.0,2.0
145,0.008069762444693105,1.1090760553609926,1.170159624567436,24.0,16.0,4.0
146,0.016184197335444066,1.1521421458420715,1.2375510936896381,18.0,17.0,4.0
147,0.02427227222270312,1.181905299628601,1.1993796028620372,22.0,16.0,4.0
148,0.010609802589578766,1.1805724447796806,1.5907921994593952,15.0,11.0,4.0
149,0.004887345676205803,1.149602671443516,1.0528137104262694,20.0,17.0,4.0
150,0.0,1.1509217341919613,0.9586033284957938,20.0,17.0,2.0
151,0.02475603057190623,1.179035226480246,1.1372916039887755,21.0,14.0,4.0
152,0.0005550953644232097,1.1153942228430824,1.2680776068390223,18.0,17.0,4.0
153,1.9674474151701862e-16,1.1350586494808925,0.9303761563336262,12.0,11.0,2.0
154,1.2423153057174804e-16,1.181436127440079,1.107425365229573,24.0,16.0,2.0
155,0.007887293644662792,1.1084875412024278,1.0443266652421417,13.0,12.0,2.0
156,0.0014951549446880381,1.1078741150099625,1.128439920457852,23.0,15.0,3.0
157,-3.269981905050404e-16,1.1182131731619678,0.9541436408689584,25.0,18.0,2.0
158,0.0012537431415353285,1.1016134340626533,1.007661250980693,19.0,15.0,3.0
159,5.307979314187203e-05,1.1964212429640362,1.0727132237619303,28.0,19.0,2.0
160,0.007323351750037371,1.160295163794262,1.5666972936086427,13.0,10.0,3.0
161,0.0,1.1715603615827002,1.2089213482974712,19.0,16.0,4.0
162,2.1185429832881954e-16,1.1958479773176818,1.1349979905800134,19.0,17.0,4.0
163,0.026844210951627513,1.1962078416488664,1.0311949962198899,17.0,14.0,3.0
164,0.016640241562444053,1.1296037456361616,1.2902467989310338,17.0,12.0,3.0
165,0.004217874448135519,1.1779307276922588,0.8612448202941406,19.0,15.0,2.0
166,0.005979166176641458,1.1318940573284615,1.1895596574124578,21.0,14.0,4.0
167,0.00828457523017853,1.189026868403428,1.0078003519897178,16.0,15.0,3.0
168,-1.688823607798539e-16,1.1365943897994228,0.9950056267335244,20.0,17.0,2.0
169,0.014297277392499346,1.1022748942158915,1.1476566491043445,22.0,17.0,3.0
170,0.003076045546711477,1.1990311932508626,0.9537680870119362,22.0,16.0,3.0
171,0.0,1.1301566832094805,0.9239982122617347,24.0,16.0,3.0
172,0.0026353565051268303,1.1841312010234615,1.247696435239961,18.0,13.0,3.0
173,0.012283598319091999,1.1757676756645505,1.0038949375284687,24.0,16.0,4.0
174,0.0073318768702864,1.1148041599741094,0.9620780621409935,14.0,11.0,4.0
175,0.008506178342058163,1.1015624642742499,1.1492035966876297,20.0,18.0,3.0
176,0.0,1.192710088911086,0.9900912587022073,17.0,12.0,2.0
177,0.004567053420269941,1.1101982328831892,1.2709784642250876,14.0,13.0,3.0
178,0.04084973076151572,1.1924838112766625,1.2151393065824427,14.0,10.0,2.0
179,0.017682893294527015,1.1227909836986782,1.0047577895642352,22.0,17.0,2.0
180,0.0023089359993755483,1.189598060451903,1.2496996090870542,28.0,19.0,3.0
181,1.868768920978154e-16,1.1323697587468484,1.1694638655310565,17.0,15.0,2.0
182,-2.0078953577552187e-16,1.1312402688757597,1.1415439883437146,17.0,11.0,2.0
183,0.023228675802463815,1.10239686108621,1.1982772336475,17.0,11.0,4.0
184,0.0024042975661606224,1.147000999069852,0.9418002319140699,18.0,16.0,4.0
185,0.021858414316815976,1.1595841390814534,1.2919997690700287,21.0,16.0,4.0
186,0.006775578312068662,1.1661839476455467,1.367933407311729,17.0,16.0,4.0
187,0.05693941234343377,1.1693472672337204,1.6630974658578876,19.0,15.0,4.0
188,0.001259643039977299,1.1827556792452574,1.1510345818803007,23.0,16.0,4.0
189,2.915980885425496e-16,1.178160687427579,1.0580457938135333,19.0,18.0,3.0
190,1.3931185228685782e-16,1.1753303923906588,0.9227654943726792,24.0,16.0,4.0
191,0.005911196041929693,1.1174175819046073,2.25032544762754,17.0,12.0,4.0
192,-1.5780464659456892e-16,1.1910656664319466,1.0280585534636726,19.0,15.0,2.0
193,0.014210821366981534,1.1270223699274802,1.0562851329142493,19.0,15.0,2.0
194,0.0160922770718776,1.1316726282871719,1.4397796635910705,20.0,14.0,3.0
195,0.002688588923562585,1.1495974972400902,1.147910832493035,20.0,16.0,3.0
196,0.0025631446827827924,1.1083961221983614,1.002318725265929,19.0,14.0,3.0
197,0.0,1.113169282626354,1.0892287419212354,23.0,19.0,2.0
198,-1.5169433382072019e-16,1.1384680004454775,0.9834477760819471,19.0,18.0,3.0
199,1.1413185458752244e-16,1.1953573736817908,0.9325002335200093,14.0,11.0,2.0
200,0.014712571617481636,1.185839292209974,1.1074603299253432,20.0,18.0,3.0
201,0.00016402582420806472,1.1897645649694166,1.0740978286081195,16.0,14.0,3.0
202,0.005599122372533527,1.1182387489338743,1.2170332130646355,23.0,19.0,4.0
203,1.6965797879653493e-16,1.131463085739481,1.0049285855013823,18.0,13.0,2.0
204,0.0,1.1936116177441167,1.5785553407808837,21.0,14.0,4.0
205,0.005243533458202241,1.1350656000162265,1.0103663955880995,19.0,17.0,3.0
206,0.04287370324043497,1.1368379687139871,0.9324426590843052,15.0,11.0,2.0
207,0.006421107143101684,1.1681235555909872,1.5760432753782112,21.0,15.0,3.0
208,0.0010683237330128272,1.12891489410897,0.9880631500097239,28.0,19.0,2.0
209,-1.4879321682820042e-16,1.1994682992405168,0.8637028562811314,21.0,19.0,2.0
210,0.010231800275687054,1.1063485710080005,1.3136981538241306,14.0,10.0,3.0
211,-1.382298982803874e-16,1.1729305802246244,0.8896945445666244,22.0,16.0,2.0
212,0.0,1.1542561953089812,0.978072956235919,19.0,16.0,2.0
213,0.002063735857692933,1.1931353819109292,0.9022904858782587,13.0,12.0,3.0
214,-3.0269232618202087e-16,1.108486865020542,1.0484557490176873,21.0,14.0,2.0
215,0.0004340845162226535,1.155905855268877,1.1461468143939262,16.0,11.0,2.0
216,1.1515446947868622e-16,1.1511462517255915,0.9525796029626518,17.0,14.0,2.0
217,0.0,1.1253943168820868,1.0535642477219929,28.0,19.0,2.0
218,1.8015367100999112e-16,1.1996019535519094,1.1709022243364267,14.0,11.0,3.0
219,0.00111595314843828,1.1976020224068977,1.3198176891140088,14.0,13.0,4.0
220,0.004355272979454515,1.1535730033004006,1.5284827738989788,24.0,17.0,3.0
221,0.0003450080863914687,1.1072345802458516,1.4306252115749598,11.0,10.0,3.0
222,-1.6670023267350632e-16,1.145801449207252,0.9729680915246152,17.0,12.0,2.0
223,0.03819164523508967,1.120634289323984,1.3226999991343589,13.0,10.0,2.0
224,0.011290614540561761,1.1254183026982865,1.0726316130185318,15.0,13.0,4.0
225,0.03624997073744199,1.1155848442321568,1.1199089394517878,14.0,13.0,3.0
226,0.03111417644868881,1.1678539080052444,1.0518584107212303,20.0,17.0,3.0
227,0.009106433235883171,1.1567479715498399,1.2040885519781748,20.0,16.0,4.0
228,0.010223604811750952,1.1316373212851947,0.9465431867465629,12.0,11.0,4.0
229,0.03709548853956669,1.1302617742676728,0.9221419961484519,15.0,11.0,4.0
230,0.030041032509272706,1.1565445955380733,1.1166934744313055,13.0,10.0,3.0
231,0.0,1.1537058698651967,0.8753112304307399,27.0,18.0,2.0
232,-3.0334579042521724e-16,1.1938713366080553,0.8892659375964542,26.0,18.0,2.0
233,0.02150536884917239,1.1245271592198889,1.3885532367515765,20.0,18.0,3.0
234,-4.711924765706654e-16,1.1949944309354277,1.0366886625563168,25.0,19.0,2.0
235,1.8304346576356475e-16,1.1273605539336842,1.1596295638850618,14.0,11.0,3.0
236,0.025414769597679656,1.1570093852120658,1.1817411391256993,14.0,13.0,4.0
237,0.002568535510904905,1.1615639446445194,1.0116795376396703,23.0,18.0,4.0
238,0.0,1.1330081431449937,0.8918048666340871,16.0,13.0,2.0
239,0.005316834308726716,1.1832101819007066,1.0861630600885075,19.0,17.0,3.0
240,0.0014770112759140699,1.152869558971897,0.9163423222746816,11.0,10.0,3.0
241,0.01474614571572546,1.1743772396961218,0.9260808284398313,29.0,19.0,3.0
242,0.005225682893955853,1.1692324423940537,0.9537877987743898,18.0,13.0,3.0
243,-1.975513108396653e-16,1.1484860513021686,1.1603790019430293,15.0,13.0,2.0
244,1.247257006304255e-16,1.1826674958970866,0.8527770299674549,20.0,16.0,2.0
245,0.0003658627120271745,1.1905453317779195,0.9638506254475199,21.0,19.0,3.0
246,0.0002654215619574605,1.149792542263902,1.1795463678487577,22.0,17.0,3.0
247,0.017002879642007456,1.1550776707779173,1.0337614316454113,20.0,13.0,3.0
248,3.005771865579034e-16,1.1252463185811519,1.0124567281005608,17.0,15.0,2.0
249,0.0010039702002638338,1.1980341170724,1.4072600141871952,20.0,13.0,3.0
250,0.04301704500331981,1.107581596283046,0.9978522809168123,20.0,15.0,4.0
251,0.07150141402353592,1.1332577221867866,1.1593526522072932,24.0,17.0,4.0
252,0.029488499003155998,1.1296521851087076,0.9534079395441672,18.0,14.0,4.0
253,0.06230216506239923,1.1579671877498758,1.0810643348639088,15.0,12.0,4.0
254,0.0,1.1284887003895772,1.1533399439062764,21.0,16.0,3.0
255,6.453638610445041e-05,1.148737254115132,0.9985612440779742,24.0,16.0,3.0
256,0.009727086307609888,1.177005062298942,1.2303689108069393,26.0,17.0,4.0
257,0.06815188727516916,1.1027838814223214,0.9905022567383872,14.0,10.0,2.0
258,0.04048939531064387,1.1323937972027949,1.075813646243014,11.0,10.0,3.0
259,0.004795249089066758,1.1565701570367748,1.127201256848782,23.0,15.0,3.0
260,0.0005210629842253506,1.1943902846034409,1.2193494613866551,20.0,13.0,3.0
261,0.007520728121330694,1.1831998895965474,1.0807857509603733,19.0,16.0,4.0
262,2.594487140153102e-16,1.1597329686291504,1.0240265683629861,15.0,12.0,2.0
263,0.009813249725566183,1.1420974089492628,1.410945005297036,20.0,15.0,4.0
264,1.3270187088332273e-16,1.1732366990374001,0.9587985560801793,13.0,12.0,2.0
265,0.0018470896702661628,1.1718550778780714,1.178749875758964,18.0,15.0,3.0
266,0.0028211508332611694,1.109426453845453,0.9554594830826897,23.0,16.0,2.0
267,1.1297405521958784e-16,1.1396312805577529,1.2841993912095366,26.0,18.0,2.0
268,0.005295423086879354,1.1900570866425075,1.1986296543845254,22.0,18.0,4.0
269,0.0007198964243160326,1.1964433080656953,1.0772389111746214,22.0,17.0,3.0
270,0.005844916579338539,1.1813141857049363,0.9910368979414333,22.0,19.0,4.0
271,0.018410220654918135,1.1634328958734348,0.9795979357014983,22.0,15.0,3.0
272,0.003935275214227314,1.1183813787619454,1.0339804159439294,14.0,10.0,3.0
273,0.0014952290132611652,1.1974707119280772,0.9941267738028043,15.0,10.0,3.0
274,0.011810122423499013,1.1044615472284547,0.9408847659862798,16.0,13.0,3.0
275,0.0004568686126193401,1.1139422940473613,1.1875386907839398,15.0,11.0,3.0
276,0.0,1.160052423780775,1.0377590826566454,14.0,12.0,2.0
277,0.011075599242370745,1.1173921014997383,1.0904567658173576,15.0,13.0,3.0
278,0.00859978016435723,1.1856735599447987,1.0741051458296484,15.0,10.0,3.0
279,1.2851306563811154e-16,1.1285277364363342,1.1567041572216645,18.0,13.0,2.0
280,0.0,1.1466590674447605,1.0293876565711593,18.0,14.0,2.0
281,0.0014985065597496272,1.1456163063512006,1.0702986713335696,19.0,17.0,2.0
282,0.0017002197454809528,1.1093867751343833,1.2554854129276751,11.0,10.0,4.0
283,0.0,1.147658662009008,0.9218779992367746,19.0,13.0,2.0
284,0.04041582160273852,1.1525875099448546,0.9363972992334425,11.0,10.0,2.0
285,0.010760428259963097,1.1307932820023066,1.1572366069007043,18.0,12.0,3.0
286,0.01702669716723162,1.1150917747305231,1.1225390573724152,26.0,19.0,3.0
287,0.03284458462958713,1.1304384674734342,1.6922906623742666,26.0,17.0,4.0
288,0.006833336997125804,1.137309019510163,1.0930644323951682,11.0,10.0,3.0
289,0.015022263460706729,1.1786594618452926,1.4658039555507325,20.0,16.0,4.0
290,0.014867570751759481,1.1281549986784574,1.36598108750545,16.0,13.0,4.0
291,-1.462529256966405e-16,1.1199342065415157,1.0891855458488495,20.0,14.0,4.0
292,0.005660353799716109,1.1178676215028356,0.930549780426397,17.0,15.0,3.0
293,1.3408578548632626e-16,1.1985789877128359,0.940269387562098,27.0,19.0,2.0
294,0.0,1.1951199155569678,0.9773216006800285,15.0,10.0,2.0
295,0.0010329632748899192,1.1742325132228797,1.0948101514515105,23.0,18.0,3.0
296,0.0234455491980773,1.102892207331077,1.0453598055067455,17.0,15.0,3.0
297,0.0008145936218555538,1.1970171566208798,0.868680364150693,14.0,10.0,2.0
298,0.026750218589743517,1.1468132228528958,0.9799580504751847,23.0,17.0,3.0
299,0.0,1.192622074608946,1.716371710725153,19.0,14.0,4.0
300,1.3885679075907659e-16,1.1354363879461453,1.0179502688712758,21.0,16.0,2.0
301,0.002216090372018788,1.1493347125600868,0.8752582493833556,28.0,19.0,2.0
302,0.00226695551398058,1.1072489314654208,1.1888480163130737,24.0,16.0,2.0
303,0.04356475471831623,1.161170634998536,0.9792530388005504,18.0,14.0,3.0
304,0.0,1.1957962948004803,0.8807308560264463,24.0,18.0,2.0
305,0.0033297893775748933,1.1185781582382455,0.943057100551933,15.0,14.0,2.0
306,1.2300015719410747e-16,1.1395465373158666,0.9863471167941229,24.0,16.0,2.0
307,-1.828468712533618e-16,1.1327085920870423,0.9679968145438339,13.0,11.0,2.0
308,0.0014569927894906639,1.1143227537268734,1.170144924514927,20.0,19.0,3.0
309,0.001615035320989094,1.1155741348539714,1.3673457677909884,17.0,14.0,2.0
310,0.010364202658385878,1.1057162610324232,1.2486820093818918,18.0,15.0,3.0
311,0.00405276553148593,1.1165014030027887,1.1916011533191275,21.0,18.0,3.0
312,0.017409580317212705,1.1439260492173535,1.1587587133410207,22.0,19.0,3.0
313,0.0015285494936231128,1.1141444090009085,1.1743548821612957,17.0,16.0,2.0
314,1.3903042730961689e-16,1.1772274170277597,1.1161137280947027,23.0,19.0,2.0
315,1.8565979444726474e-16,1.1612146672345347,1.0706579042930118,22.0,16.0,3.0
316,0.0009910339520836481,1.124119171723085,1.0116948506876184,21.0,19.0,3.0
317,-1.2656984198943256e-16,1.1070881691706413,0.9092282626367183,18.0,15.0,2.0
318,0.0002224503455068624,1.1933695355594003,1.0422808201999119,14.0,13.0,4.0
319,0.0027634487650820805,1.1226367462668543,1.1817735689957232,17.0,16.0,4.0
320,0.0,1.1639925949472105,0.9906026000845055,13.0,10.0,2.0
321,0.0029131746245448942,1.122011887307793,1.0108915590094238,15.0,12.0,3.0
322,0.012061472879770833,1.134775438669384,1.566294517978146,19.0,15.0,4.0
323,0.004962151966732444,1.1465164839969282,1.4690756001529406,19.0,17.0,4.0
324,0.006743102599128497,1.105036834361114,1.0149608069005485,14.0,13.0,4.0
325,1.5698502368374717e-16,1.1191670486382514,1.1125407774322797,15.0,13.0,2.0
326,0.0,1.1616249781316847,0.886960467333248,21.0,17.0,2.0
327,1.3433415035322598e-16,1.1205333581785701,0.9507081784930678,19.0,14.0,2.0
328,0.018936285545471988,1.1729351623151045,1.4288825697236187,15.0,13.0,4.0
329,0.03763660008541384,1.1638552420077848,1.0718446290363728,16.0,13.0,4.0
330,0.002389216349486382,1.177712245546827,0.9241695028290258,14.0,13.0,2.0
331,0.00143756026852114,1.12676556559543,1.1813380011594474,19.0,13.0,3.0
332,0.008914188667305398,1.1005966366014897,1.1300215007958594,17.0,12.0,3.0
333,3.34995037366178e-16,1.1127325908201238,1.048766181829323,18.0,15.0,2.0
334,0.004299553032291243,1.1757496834327006,1.1586956451874255,22.0,15.0,3.0
335,-1.5722481357234252e-16,1.1131997914837217,0.9672855793549548,17.0,16.0,2.0
336,0.008784186097439015,1.1107618931572036,1.4232775877989985,18.0,16.0,4.0
337,0.00039831777986927466,1.1846382767590016,1.2453261520693484,21.0,17.0,3.0
338,-3.5445508454124444e-16,1.1872199262588357,0.9005649722058711,19.0,13.0,2.0
339,0.016245859743724375,1.1098443873786272,1.3469926218926551,20.0,17.0,3.0
340,0.015535479711466696,1.1054938121401257,1.5683444901126324,19.0,15.0,4.0
341,0.00415922690957328,1.1827554440056909,1.3076726578177507,20.0,19.0,4.0
342,0.013712922289413128,1.1687545060313118,0.8624350058003205,20.0,18.0,2.0
343,0.01204254140052857,1.1296078516796255,1.0668559198361,21.0,15.0,2.0
344,0.05969355810196684,1.1306246533848057,1.7761447740803544,17.0,12.0,4.0
345,0.007979139402390046,1.1102066940529878,1.0040260860202406,21.0,14.0,2.0
346,-1.2736518114095057e-16,1.1565756055051022,0.8969194520833438,12.0,11.0,2.0
347,0.0053541327347508254,1.1934351907043537,0.9505734732651733,18.0,17.0,4.0
348,0.015364085970948307,1.1235885496663538,1.2123647069534327,15.0,14.0,3.0
349,2.0390383332291667e-16,1.1476083656975642,0.987301957773943,13.0,12.0,3.0
350,0.01971515741248848,1.144634776333834,1.257263683853851,13.0,10.0,3.0
351,0.016026204129803993,1.1189987920238775,1.1465093767823558,19.0,14.0,4.0
352,0.0,1.1686082603037664,0.9003008504122271,14.0,11.0,2.0
353,0.0,1.188507804740247,1.2239695450448005,24.0,16.0,2.0
354,2.144609408358541e-16,1.1529987942023596,1.0545635147491526,15.0,11.0,2.0
355,0.008437971398266525,1.1133622084092638,0.9875298725937107,17.0,13.0,2.0
356,0.002585260783522759,1.1372096684575104,0.9899836613678381,20.0,19.0,2.0
357,0.0,1.18580075854771,0.8616598551414321,21.0,19.0,3.0
358,1.3386321343391298e-16,1.1680515509529894,0.92070650796213,16.0,11.0,2.0
359,0.0,1.1481911731111085,1.0949530024339467,12.0,11.0,3.0
360,0.004469000066008424,1.1163930845423267,1.6035829928745318,16.0,11.0,3.0
361,0.0,1.1329138858989296,0.9076266024447723,25.0,18.0,2.0
362,0.013180384235529937,1.1102400073087524,1.3549567373748475,15.0,14.0,3.0
363,0.0001528632604286697,1.1506875742891909,1.1434045014632495,11.0,10.0,2.0
364,0.00023476685881875805,1.1816579988111455,1.150476512969406,22.0,18.0,4.0
365,0.012100526514750751,1.1462986268936528,1.2319054304913262,20.0,19.0,4.0
366,0.0,1.1016640052911428,0.9576758632451887,22.0,17.0,2.0
367,0.0015121455011571838,1.1447853137871258,1.1861360726672672,15.0,14.0,4.0
368,0.0036598549985486744,1.1147795223885493,0.8984540191431426,24.0,19.0,2.0
369,0.0019230182564223828,1.1682084211765655,1.079487518376931,15.0,14.0,3.0
370,0.007702925230911813,1.164545989708461,1.4296402340416914,15.0,10.0,4.0
371,0.019686680356795955,1.1634417406574118,1.201170080200633,22.0,19.0,4.0
372,0.012623006626516041,1.148565235910907,0.9073721011253861,11.0,10.0,3.0
373,1.1659308769636126e-16,1.1415716066561399,1.208060563967978,18.0,12.0,3.0
374,-3.41845040796301e-16,1.126092371404945,0.9741921165928054,24.0,19.0,2.0
375,0.009272219287583788,1.1950746269015344,1.0861120711928745,20.0,15.0,4.0
376,-3.9045171554654083e-16,1.1354949515055346,0.911799802535054,22.0,18.0,2.0
377,0.02248979455897491,1.163120231002999,1.4596279686419829,17.0,15.0,3.0
378,0.0,1.1504811101479602,1.5103651059386423,14.0,11.0,3.0
379,0.0,1.104165545038671,0.9881666918505683,14.0,10.0,2.0
380,1.8987154390386817e-16,1.1497687248566302,1.1590390141647482,20.0,16.0,2.0
381,0.008897507053219239,1.185017420519253,0.9119417437744617,16.0,11.0,2.0
382,0.0,1.1886530086784544,1.2375933359960023,20.0,14.0,3.0
383,0.013750403122568445,1.1299368432243428,1.526241434484477,11.0,10.0,4.0
384,0.003607027111640535,1.1926419755715467,1.186761628716779,19.0,14.0,3.0
385,0.06542268629780289,1.1616179295774671,1.174782306987305,19.0,13.0,3.0
386,0.019131014805023022,1.1468276748616277,1.0755503852188795,23.0,15.0,3.0
387,-2.0406056187294098e-16,1.1934090173064724,1.0977869926149766,16.0,15.0,3.0
388,0.006869483284223545,1.1588420575669616,1.0525342099425112,26.0,19.0,4.0
389,0.024756149084833968,1.1301002807316491,1.3078689310247535,20.0,19.0,3.0
390,2.0902291586323176e-16,1.1431762735246664,1.1008731057462737,26.0,18.0,3.0
391,0.015942166558044143,1.1532891207207625,1.0286588207705567,12.0,10.0,4.0
392,0.012008455864337126,1.1134776923164216,1.0969062053070355,14.0,11.0,3.0
393,0.001985573864673082,1.1056043180778932,1.0345036570709722,12.0,10.0,2.0
394,0.012934785087262842,1.1185437183788653,1.3248595282982496,14.0,11.0,3.0
395,0.09212326402884842,1.1497007316860421,0.9168124253567489,16.0,11.0,2.0
396,4.586038440628182e-05,1.1858383679052686,1.1224587609452392,21.0,18.0,4.0
397,1.1210845195910085e-16,1.1825539371902007,1.1228292312217039,15.0,10.0,2.0
398,0.06112569622012213,1.1986738386796625,1.1449806931292885,17.0,13.0,4.0
399,-1.320395063899607e-16,1.1900228885040145,1.9630660157153847,15.0,10.0,4.0
400,1.3706335375490922e-16,1.1752926683339573,0.9185292203882846,22.0,16.0,2.0
401,0.001086111305158178,1.1301674509342352,1.0781151365234358,19.0,16.0,3.0
402,8.103245831875993e-05,1.1557485399379543,1.1765320653701807,24.0,18.0,3.0
403,1.8742910620415062e-16,1.1306879676953216,1.4421519470154194,16.0,14.0,4.0
404,0.0012732025571792294,1.197792439574537,0.8869458039328474,16.0,11.0,2.0
405,0.004720469106298985,1.1082149134805035,1.357041124245537,17.0,15.0,4.0
406,0.0,1.1938316747389242,0.9034608626161968,16.0,15.0,2.0
407,9.497978998993061e-06,1.17434947478652,0.8781290622704232,23.0,16.0,2.0
408,0.03362596307350823,1.1017989749523935,1.1427201988819793,17.0,13.0,4.0
409,2.0908234878802335e-16,1.1100136178998696,1.056246273252412,13.0,12.0,3.0
410,0.008947736225129573,1.1164464551663416,0.9920332284264046,20.0,17.0,3.0
411,0.009641123794455073,1.1893839880746415,1.0921757886009373,18.0,15.0,3.0
412,0.0,1.1432030702160407,1.0688780918668939,24.0,17.0,2.0
413,0.016969175525927638,1.1236276992692404,1.2425660689706104,16.0,13.0,4.0
414,0.0,1.1160989511040569,1.0895116593074463,11.0,10.0,2.0
415,0.036374665664093975,1.1226483306962405,1.1037202408531872,15.0,10.0,4.0
416,0.04950009155252183,1.1395236625779461,1.1206863997068621,18.0,14.0,4.0
417,0.0,1.19416621970983,0.9837372005868819,17.0,14.0,4.0
418,0.00011817796620121359,1.1696912675561066,0.8550547076809645,24.0,17.0,2.0
419,0.0013925742734595572,1.138571186851745,0.9002128592502322,18.0,13.0,2.0
420,0.015037024138147491,1.1105243655622439,1.2379393586487333,25.0,19.0,4.0
421,0.011500640359642038,1.1258455934254845,1.1364405653574614,16.0,14.0,3.0
422,0.10586157400137894,1.1444450835525695,3.066457971275534,15.0,10.0,4.0
423,1.7830723394142796e-16,1.122182675591337,1.147493044676111,19.0,13.0,3.0
424,0.0003443599075503406,1.194107693934626,1.2386404503947304,23.0,18.0,4.0
425,0.005307375320296169,1.1736918835717396,1.286100531201701,19.0,18.0,4.0
426,0.0006238960502927549,1.1769371530449046,1.2151980901380064,23.0,15.0,4.0
427,0.0,1.103019610240541,0.9313619285422374,18.0,17.0,2.0
428,0.05115507064931462,1.1284276910426947,1.2919178302624748,14.0,10.0,4.0
429,0.021115774453349168,1.1220128859872933,0.9281754516503683,25.0,18.0,2.0
430,0.0015531904810441007,1.1749958579348618,0.9254589707416064,22.0,18.0,3.0
431,0.0,1.1779494533129875,1.177709325476027,17.0,15.0,3.0
432,0.0001198813727071943,1.1572611087865186,1.0960077784447197,17.0,16.0,4.0
433,0.0005298726602732248,1.1008679361691307,1.037317638791913,18.0,16.0,4.0
434,0.0036689484337949167,1.1006636098841451,1.4480420244123628,21.0,17.0,4.0
435,0.034828456945267115,1.1120203583572879,1.1198245427496198,14.0,12.0,3.0
436,0.000625128697670199,1.1914515596032573,1.213777017055949,21.0,15.0,3.0
437,0.002751684796425336,1.1067011458242546,1.0834323413111808,14.0,13.0,3.0
438,0.0003669575081982981,1.133244471692547,1.799582536305009,22.0,15.0,3.0
439,1.38894121504953e-16,1.1324613411527014,0.9522795892251371,14.0,10.0,2.0
440,0.0006504341654759235,1.1165453713427351,1.0137607893890168,23.0,19.0,2.0
441,0.021733082190670706,1.186147750023256,1.093257246717249,16.0,13.0,3.0
442,0.020299512351591054,1.102849461197819,1.130927304957368,20.0,18.0,4.0
443,-1.1607300067416616e-16,1.1211292443390828,1.0210131477586508,24.0,17.0,2.0
444,0.035797535115669896,1.1993035181824703,1.4169978900560887,23.0,16.0,4.0
445,0.0,1.144229151949751,0.9826039025695917,20.0,18.0,2.0
446,0.012880964303860465,1.100891798911994,1.037922491127859,20.0,15.0,4.0
447,0.07044189285463412,1.138145125252619,1.1554390909041794,24.0,17.0,4.0
448,0.003708439202317165,1.1067867880351459,1.0310697147155257,12.0,10.0,3.0
449,0.02310247329690954,1.1405378647811548,1.4049929255169766,18.0,14.0,3.0
450,1.979424793858134e-16,1.1953075253701857,1.0398693964730823,18.0,15.0,2.0
451,-1.6680527883799046e-16,1.187202101944434,0.957654013760897,16.0,13.0,3.0
452,0.0,1.120777496368186,1.0515463499166915,17.0,16.0,2.0
453,0.006003743220259238,1.1711077926463849,1.0898618788546817,13.0,11.0,2.0
454,0.0,1.1196354859704913,1.274177275771108,13.0,10.0,2.0
455,0.010182822300946009,1.1353504892645512,1.1094122726556563,15.0,11.0,3.0
456,0.00026206291702719536,1.1500360198775805,1.0159229134300172,14.0,11.0,3.0
457,0.005091182551721701,1.1484523016077994,1.2871974644909736,15.0,11.0,2.0
458,0.0012534812828164429,1.160664688479879,1.4146883151171845,18.0,15.0,4.0
459,0.002461607070505421,1.1144378807432327,1.3282335483912453,18.0,12.0,4.0
460,0.0,1.1346516451827144,1.2694248190168758,22.0,16.0,2.0
461,0.002375046507907144,1.119078970679804,1.1950950380100496,23.0,15.0,4.0
462,1.3035253965195452e-16,1.1606254683656219,1.2303349209035983,19.0,13.0,2.0
463,0.017461974618029643,1.1332219920404265,1.0502234350016488,14.0,13.0,3.0
464,0.026204149826596593,1.115274483744857,1.0653399331839088,22.0,19.0,2.0
465,0.003478734480824925,1.1526057526772653,1.1474344548590139,18.0,12.0,4.0
466,0.003144147739922901,1.1471847057285505,1.1533219227338225,12.0,10.0,2.0
467,0.00044473864816377853,1.1077207424486124,1.0186748492703803,22.0,17.0,3.0
468,0.018828104820971425,1.190358770472026,1.0616811908323207,12.0,11.0,3.0
469,-1.665520240328026e-16,1.1274023779760638,1.1928318516305776,20.0,14.0,3.0
470,0.007385236659877587,1.1626418897774924,1.2908545824075706,18.0,16.0,4.0
471,0.05039768084023538,1.1395419226871681,1.2379522214416692,14.0,11.0,4.0
472,0.0006933380044342409,1.1317749468434526,0.9684109024061738,18.0,17.0,2.0
473,0.0003103240199577598,1.122799169571368,1.073012414645818,21.0,19.0,3.0
474,0.0,1.1975072141675887,0.9395061272296641,21.0,19.0,3.0
475,0.0023495063203489903,1.189901379751002,0.9610832296147963,15.0,12.0,3.0
476,2.1308790466512843e-16,1.1631226953732319,1.0069239663873004,12.0,11.0,2.0
477,0.00020070035279741682,1.108303451669097,1.1976928039390566,16.0,14.0,3.0
478,2.1688366550945248e-16,1.1582970959406833,0.9442628176765112,24.0,19.0,2.0
479,0.008331658805600915,1.1139294280243082,1.1025707429568823,16.0,14.0,4.0
480,0.0019682520766409442,1.1650064659064028,0.9667951967830167,25.0,19.0,3.0
481,0.011932060541917455,1.133790889842512,1.0373643013751543,22.0,15.0,3.0
482,0.006640458706177179,1.1142561372869608,1.3087072902945343,16.0,14.0,4.0
483,0.0033816355824559862,1.109907163363351,1.3089497912911725,14.0,10.0,4.0
484,0.005422888299091636,1.1923149412851255,1.0966962227707588,20.0,14.0,3.0
485,0.0,1.189922132302671,0.8460582890079239,20.0,14.0,2.0
486,0.0,1.1215132837264856,1.535557823558482,21.0,16.0,3.0
487,-2.3258259406210927e-16,1.1745151085175811,0.8845229212439564,27.0,19.0,2.0
488,0.0007034814805589817,1.1940915383063122,0.898113949201253,20.0,15.0,2.0
489,0.0934260189407009,1.1137185419318332,1.297234413974944,15.0,10.0,4.0
490,0.1157253425825517,1.123571904265561,1.171935256537142,13.0,10.0,3.0
491,0.00025625110020969626,1.1670135183846038,0.9332118076847408,27.0,19.0,2.0
492,0.0034280212851745045,1.1883785587055358,1.3110316699712468,14.0,13.0,4.0
493,0.0,1.1282220888366468,1.043429718954544,18.0,17.0,4.0
494,0.0009534030535224471,1.1259629198941723,1.3361683947624057,26.0,18.0,3.0
495,0.028147794424490596,1.1443935538420842,1.1636670812987873,22.0,17.0,4.0
496,0.0021870248295203817,1.1865779563252374,1.1657706338159115,26.0,17.0,3.0
497,-1.9449027411756866e-16,1.1532687576363088,1.0050314487784813,20.0,16.0,3.0
498,0.0464889307764999,1.188536352422741,1.8004753895230547,17.0,12.0,3.0
499,0.0035752623846417846,1.1951174885318248,0.9638323220244729,20.0,18.0,3.0
500,1.6496772195096887e-16,1.1157165507995541,1.139600375645052,13.0,12.0,3.0
501,0.022960866395352775,1.1235510350625795,0.9372702760457926,17.0,13.0,2.0
502,0.0001748925302079184,1.1101846637402277,0.9244536229475903,17.0,14.0,2.0
503,0.0026511062067359134,1.1782536590868273,1.070053262490557,26.0,17.0,2.0
504,0.0,1.135492146021045,1.1237063855883653,15.0,13.0,2.0
505,0.015720738494198413,1.1546138140858715,1.2681660073132328,20.0,15.0,3.0
506,0.06031432549412443,1.1668917214343015,1.2949258980338147,19.0,13.0,4.0
507,0.0,1.17436640759017,1.7041865642634322,14.0,11.0,3.0
508,0.009942291611106184,1.1905889689116655,1.095110450037921,13.0,11.0,2.0
509,0.034559122931101714,1.1653310933016012,1.3957898575638534,15.0,10.0,4.0
510,0.0004566216904616218,1.131198677724674,1.1048011875290493,22.0,16.0,3.0
511,0.0067235768118436385,1.1242134422431482,1.2283742504852615,19.0,17.0,4.0
512,-1.3481084792284854e-16,1.1313233208721538,0.9380823881882058,28.0,19.0,2.0
513,-1.3177474342179521e-16,1.1203740974764052,1.100107867318689,24.0,18.0,2.0
514,0.0,1.122533354225183,0.9515183146278279,20.0,18.0,2.0
515,0.006067476271954076,1.1872617814162632,1.4853642121159971,14.0,12.0,4.0
516,0.0005936716995083216,1.1412832233028793,1.0634195873708265,28.0,19.0,4.0
517,0.0,1.1879966320245654,0.9729851399556658,12.0,11.0,2.0
518,0.0001391413515704408,1.1686066668395418,1.1852844631007438,20.0,17.0,4.0
519,0.0038746561500837737,1.1642036522972927,1.0406084176147141,18.0,13.0,3.0
520,0.005612717254290694,1.159506647885237,1.1308907495625382,20.0,13.0,3.0
521,0.003363017980009313,1.1072260645118095,1.442472104186345,19.0,17.0,3.0
522,0.0017561978078124974,1.188710201674379,0.9936274401476705,24.0,18.0,2.0
523,0.0038435420024714906,1.1930119703095348,1.041843820965712,19.0,14.0,3.0
524,0.00042965652961248244,1.156254730235232,0.9510060205006019,28.0,19.0,2.0
525,0.0047282930267144715,1.1944190663034902,0.8641317660973088,14.0,11.0,2.0
526,-3.5872290547782967e-16,1.1535735466565484,0.8768446281523525,18.0,12.0,2.0
527,0.03480165136832874,1.11546362759102,1.0379539430886882,21.0,17.0,3.0
528,0.0010474105690702227,1.179052419688179,1.2730228640762173,13.0,11.0,4.0
529,0.009984753880010853,1.1414511150179238,1.4447573783384413,13.0,12.0,4.0
530,1.6641118334017393e-16,1.1060087102561678,0.9814587203304648,16.0,11.0,2.0
531,0.0006080322054960439,1.145263585603132,1.0336979473496677,24.0,18.0,3.0
532,0.005392291831482227,1.1263622150972894,0.9812089745962087,17.0,16.0,2.0
533,0.0,1.175696139621679,0.9021469986266265,15.0,12.0,2.0
534,0.0050308900759025305,1.14475784127051,1.013094742094331,20.0,17.0,3.0
535,0.015049179300441824,1.1661982467202743,1.1832932079442495,26.0,18.0,3.0
536,0.00790867936049659,1.1984937684265724,1.2776321106952506,26.0,19.0,4.0
537,0.0015598392064774982,1.14896009442044,0.948482976063433,14.0,10.0,2.0
538,0.01023636306907487,1.1449444971047482,1.032441342556507,21.0,19.0,4.0
539,0.022408388444794296,1.193202445603093,1.329394100794526,23.0,18.0,4.0
540,0.001929213866716973,1.1018876490070817,1.0270913740590863,27.0,19.0,3.0
541,0.0,1.1226356683100016,1.060585504758773,16.0,14.0,2.0
542,0.0,1.1959967560696976,0.8461720676354697,23.0,18.0,2.0
543,0.028632461417646755,1.1977235706524285,1.7748285590127706,18.0,13.0,4.0
544,0.015234166583711187,1.101158958996044,1.179216476290385,19.0,16.0,4.0
545,0.0075444805967937205,1.1376044016839075,1.3923238024801148,13.0,10.0,4.0
546,0.005161579223890986,1.1969686265094632,1.1778882496858363,16.0,13.0,3.0
547,0.020628478471942047,1.1081794204820314,1.079525135274832,23.0,15.0,3.0
548,0.010404617758613522,1.1118362891913987,1.595854352410817,22.0,15.0,3.0
549,0.006700280455624762,1.191108752811355,1.4287075859325,18.0,13.0,4.0
550,0.007788770596682375,1.1588712894670714,1.003634361974331,25.0,19.0,3.0
551,0.03502929275663453,1.1253481462649033,1.010738159226568,21.0,14.0,2.0
552,0.00022502904997038858,1.1802277830448815,1.07006495414065,23.0,19.0,4.0
553,0.013675144249276454,1.1777676406467255,1.0002045266811488,13.0,11.0,3.0
554,0.001846112510898929,1.1209399478538806,0.9550634449075086,21.0,19.0,4.0
555,-1.9640842046596543e-16,1.187111963116082,1.3490760822444356,19.0,16.0,4.0
556,0.00565193393443777,1.1253543905366927,1.027878621134329,21.0,15.0,3.0
557,0.007182690892233937,1.1068145352541894,1.3526276219399158,19.0,13.0,4.0
558,0.0002102983117153349,1.1832489891717366,0.9505419671678118,24.0,17.0,2.0
559,0.007436258197604525,1.1539540380594797,0.9147537167977365,20.0,19.0,4.0
560,0.008893927159797848,1.1356887222384642,1.168414070342165,22.0,16.0,3.0
561,1.309492511684469e-16,1.1723698457529814,0.9325270286264469,11.0,10.0,2.0
562,0.016448036433970088,1.1429159847094155,1.1083708597043156,17.0,12.0,3.0
563,1.4484608475494597e-16,1.1391566969087124,0.9482429661305279,17.0,14.0,3.0
564,0.0006945802674517096,1.1288446689522909,2.3789024347208314,21.0,14.0,4.0
565,2.042085043362871e-16,1.1554422597211378,0.9146778085141914,17.0,16.0,3.0
566,2.778416168600084e-16,1.1920190238161457,0.8673671830433526,25.0,19.0,2.0
567,0.002243053479369109,1.1619581304974995,1.2635210836726047,21.0,14.0,4.0
568,0.0,1.1078539323098615,0.9510642857353628,15.0,14.0,2.0
569,0.0,1.161991465453169,1.3919872090411403,16.0,13.0,2.0
570,0.012890806016659637,1.1418746511181133,1.0122795502696635,22.0,19.0,3.0
571,0.013044008557326047,1.113115761991035,1.5960834091789537,22.0,15.0,4.0
572,0.00024634847958161733,1.1863598875758568,0.8511440942631378,21.0,16.0,2.0
573,-1.3562243721624402e-16,1.1964583545489116,1.066118714797079,20.0,19.0,3.0
574,0.018793606577126715,1.1823357241360324,1.4957755542680573,15.0,11.0,4.0
575,0.00013258361055796638,1.1648028404279571,1.122506576252266,17.0,16.0,4.0
576,0.00883159281246196,1.1429303029035,0.962979410252108,15.0,11.0,2.0
577,0.03887564030134913,1.1123435685985483,1.2865881791924432,18.0,17.0,4.0
578,0.000606524634821888,1.182263154714395,1.10461458446427,20.0,16.0,4.0
579,-1.6663847247737523e-16,1.173693596372809,1.1543296165449368,18.0,13.0,2.0
580,-1.2625853578428053e-16,1.1333239731514613,1.1111079062534432,14.0,13.0,2.0
581,0.0,1.1227947055364584,1.0583785651217092,19.0,16.0,2.0
582,0.01101080056838184,1.1656498873751928,1.134254969981478,17.0,13.0,3.0
583,0.02537858169683687,1.1690281251851293,1.131677243501863,24.0,18.0,3.0
584,-1.3669539378562496e-16,1.1537414291884434,0.9890967207610534,15.0,10.0,2.0
585,0.023074172023802252,1.1856806905634136,1.1161402045597628,21.0,15.0,4.0
586,-1.2147330187879198e-16,1.161538456315244,1.524210040037798,28.0,19.0,2.0
587,0.007209029047391178,1.196833679763023,1.1994059627621552,28.0,19.0,4.0
588,0.001506375196363714,1.1994263495498068,1.1231573142087299,26.0,18.0,3.0
589,0.0008883891969014494,1.188946863328917,0.99924481579668,26.0,19.0,3.0
590,-1.9284078203142022e-16,1.1201620418529699,1.0741522379233477,17.0,11.0,3.0
591,0.0013148295001145446,1.1444022373608849,1.2390946083019028,18.0,14.0,3.0
592,0.04140993680253832,1.1251990384872228,1.2121733444453968,18.0,14.0,4.0
593,0.0006495764846079931,1.1290478697411597,1.4653154397500843,25.0,19.0,4.0
594,0.0035626911889255013,1.148766656349221,0.9848627645374016,26.0,19.0,3.0
595,0.047740160759726195,1.138722104754038,1.0089678379970093,12.0,10.0,3.0
596,0.03155819165156741,1.148551039033787,0.9375392297692633,22.0,15.0,3.0
597,0.01817263316990172,1.1681880939219225,1.480040815762596,14.0,10.0,3.0
598,0.0,1.1628257581895902,0.9750878906062725,19.0,14.0,3.0
599,0.004323137305760148,1.194884410376388,1.2079794333352103,25.0,17.0,4.0
600,0.012798202249464097,1.1407232305958495,0.9986708782888276,13.0,10.0,3.0
601,0.04963306932238088,1.1519490166551412,0.9177264750133248,21.0,15.0,2.0
602,1.415355524981183e-16,1.1760764918621283,0.9684516602466483,26.0,19.0,2.0
603,1.688146210203822e-16,1.1651674660138265,1.1009768342729247,20.0,18.0,4.0
604,0.0038359606853991205,1.1842549012843484,1.1509451779882107,27.0,18.0,4.0
605,0.021310539083992077,1.1235741606240255,1.577443169286446,23.0,19.0,4.0
606,0.010562795872777694,1.1152483427092363,0.9597120672894986,18.0,17.0,4.0
607,0.0001806857957001372,1.162118514336022,0.9883855672405675,23.0,17.0,2.0
608,-4.803496871888931e-16,1.186194440483471,0.9081691252476076,22.0,18.0,3.0
609,0.00015938619518944834,1.111025547256718,1.2071242501329162,19.0,15.0,2.0
610,0.005060025138785935,1.1690430344759906,0.9340597841701468,17.0,14.0,3.0
611,0.030593056720396167,1.1181546898667074,1.1797067505357277,20.0,14.0,3.0
612,0.00861991967220435,1.1576907433104562,0.9168216011385963,26.0,19.0,4.0
613,-1.5037843729733572e-16,1.1783600545230062,0.8680950964072296,29.0,19.0,2.0
614,0.002653491243006575,1.1532759795751972,1.0341537583198772,20.0,16.0,3.0
615,0.06381273115408041,1.1477281325596527,1.0908544147172305,12.0,10.0,4.0
616,0.003763310246472526,1.1470680843708794,1.2196806244892269,23.0,19.0,3.0
617,0.008437278271736575,1.160555890286171,1.0199923484341948,26.0,19.0,3.0
618,0.00044248173865664474,1.1225104739955651,1.0715822057169815,14.0,13.0,3.0
619,3.0692803716521936e-16,1.1489874522143426,0.9017952456917793,16.0,15.0,2.0
620,0.009515283189890872,1.139913208903363,1.3786637208355013,19.0,17.0,4.0
621,0.0006975218280667306,1.1347681728632484,1.0276600977690709,21.0,15.0,2.0
622,0.0162136815397778,1.1957644101951859,1.1407132794294181,14.0,11.0,4.0
623,0.07342873549410465,1.1884168704685911,1.5516094443864163,15.0,13.0,4.0
624,0.03276657011979353,1.1814728916040222,1.776590160932516,18.0,17.0,4.0
625,0.002908105331971492,1.1414771973053328,1.214939540666794,23.0,19.0,4.0
626,0.0,1.176524228433057,0.8681777363805357,21.0,17.0,2.0
627,0.020677339913714066,1.1402805287826805,0.9024413784377363,27.0,19.0,3.0
628,2.161120053361247e-16,1.1774309752286254,1.126200966908049,17.0,15.0,3.0
629,0.004943165039609888,1.1601224949357865,1.0063796042080697,16.0,12.0,4.0
630,0.0005589766382689464,1.1385986870142952,1.075308790592398,18.0,16.0,4.0
631,0.036838170435379576,1.183962410718602,1.3492125088123528,14.0,11.0,4.0
632,0.0,1.1816384416151293,0.8806462122807507,19.0,17.0,2.0
633,0.008051551326051782,1.1420062816151026,0.9483866640051511,21.0,17.0,4.0
634,0.0005131329906856041,1.1478351862931357,0.9069769226837283,11.0,10.0,2.0
635,0.0,1.1965543049624867,1.1032362111356508,15.0,13.0,3.0
636,0.007896607640548043,1.1437367192800736,1.1090407354667782,20.0,18.0,3.0
637,0.0006863158912944669,1.1131953196462896,0.9329136385696539,19.0,14.0,2.0
638,2.6514760939693912e-16,1.193928986198738,1.0653767338231606,14.0,10.0,2.0
639,0.00036930136488645893,1.1261377955730343,1.1608189855150768,21.0,16.0,4.0
640,0.00397404128615087,1.185283552602074,1.2450541426666542,19.0,16.0,4.0
641,-1.793263302646313e-16,1.1765630146818982,1.142167773529275,20.0,15.0,3.0
642,0.024453759310404194,1.1257197251048192,1.1840951092239616,17.0,12.0,4.0
643,0.03510042957352407,1.1677752874983363,1.1239471325195667,16.0,15.0,2.0
644,0.03115469485275203,1.1027160107137128,1.1484538391091526,23.0,16.0,4.0
645,0.04854799341542438,1.158080038825761,0.9950363369949158,15.0,12.0,2.0
646,0.010162040907715256,1.1353051653434887,0.8827144610545226,18.0,14.0,3.0
647,0.0017609855492252224,1.115795700055799,1.0962810802439609,15.0,14.0,3.0
648,0.016927456085304538,1.11564948279585,1.096951016160765,15.0,10.0,3.0
649,0.023576646362015487,1.1133367357685895,1.0892360806803787,28.0,19.0,4.0
650,0.0012902174714270347,1.1023659458789457,1.0783782363647725,12.0,11.0,3.0
651,0.0028786534176028747,1.1328350235898828,0.9831635021153831,23.0,18.0,3.0
652,0.00128848101029041,1.1540166242331695,1.4182044786108017,24.0,19.0,4.0
653,0.0023154091024451696,1.1835501676259896,0.9705833684853012,21.0,14.0,2.0
654,0.06370441437916739,1.1922138057569307,1.8055780828714243,14.0,10.0,4.0
655,0.005519700601016464,1.1800672234990608,1.5624670655135988,18.0,15.0,4.0
656,0.0003886935542978832,1.1980381379839,1.06335279662447,16.0,11.0,3.0
657,0.0,1.1335969777126156,1.1672485082949506,12.0,11.0,2.0
658,1.1543882807085448e-16,1.1970723400886902,0.8430833522589142,25.0,17.0,2.0
659,0.0,1.1544063669452547,1.190407331824495,21.0,15.0,2.0
660,0.031151054223408935,1.1553994536780343,1.0326907987088076,11.0,10.0,4.0
661,0.013138252444264828,1.121412319091422,1.4324339166054052,14.0,11.0,4.0
662,0.04341749234749916,1.1136921331604615,1.2205402510760675,18.0,15.0,4.0
663,0.015975952556638882,1.1754759702637583,1.136441357765965,19.0,14.0,4.0
664,0.001621228971990036,1.1206745127624385,1.0313564298970883,27.0,18.0,2.0
665,0.0,1.145607069732253,1.0425056436194853,16.0,15.0,2.0
666,0.06455591262108053,1.1471620804904252,1.050704654180073,13.0,11.0,4.0
667,0.0,1.1444754193301658,0.9143421157134363,12.0,10.0,2.0
668,0.0,1.1058648675310085,0.9307062494159525,23.0,18.0,2.0
669,0.0017807955336473394,1.1979257589416472,1.2585574718979249,11.0,10.0,3.0
670,0.000976588354551536,1.1825969069720939,0.9269972684975645,22.0,18.0,2.0
671,0.0006259062727814742,1.19822328421041,1.0719763676043954,19.0,18.0,3.0
672,0.043298341891777704,1.160215130977536,1.095903331715445,21.0,15.0,4.0
673,0.009254762261368333,1.1328363838601365,1.4676264686111036,26.0,18.0,3.0
674,0.0,1.1886254984887445,0.85063140508649,19.0,13.0,2.0
675,0.0010851075280985908,1.1243582332316973,1.4114684402890214,19.0,15.0,3.0
676,4.6037691740645745e-06,1.1450988145258008,1.1687344521622065,19.0,14.0,2.0
677,1.9390133734649774e-05,1.1678287865257182,1.2047960652932028,23.0,17.0,2.0
678,0.007187217759293923,1.1204923182238313,1.2176261897826781,16.0,14.0,3.0
679,0.004889586320940016,1.1347982052820764,1.0353987426487905,14.0,13.0,4.0
680,0.0,1.191827983667616,1.0896826770026289,29.0,19.0,2.0
681,0.013415374291090014,1.1507860039573483,1.9858018138153795,18.0,12.0,4.0
682,0.0,1.1746391844606339,0.8843746925992071,13.0,10.0,2.0
683,0.0,1.133856935849,1.1061922445378174,24.0,18.0,2.0
684,0.011696848727206903,1.1516167259173522,1.3190189533674839,21.0,19.0,4.0
685,0.017993109788164575,1.1396979224859805,1.2401054317292057,17.0,12.0,4.0
686,0.00867986709367056,1.1105607484749709,1.4895547838158933,14.0,10.0,2.0
687,2.1883500029158723e-16,1.1686146253075782,0.9301553682560115,27.0,19.0,3.0
688,0.007342903951070558,1.1621569264481098,0.9910516922749123,18.0,14.0,3.0
689,0.0012283055488143788,1.1963924586362449,1.0866477049266452,22.0,17.0,4.0
690,0.011247192850311264,1.175066741347989,1.229063728518968,19.0,18.0,3.0
691,0.033863330995144866,1.177962815421137,1.510267181043031,15.0,10.0,4.0
692,-1.3716841915842372e-16,1.184982611393665,1.0153227455786336,19.0,17.0,3.0
693,0.020055219271449813,1.1665104364933674,1.8577556444174308,12.0,10.0,4.0
694,0.03886533673413722,1.1017061192415407,1.3057551789673882,15.0,10.0,4.0
695,0.0027183206507232194,1.1077884944632386,1.1881778866803474,20.0,19.0,2.0
696,0.003466077971902033,1.19898435824723,0.9855069855413799,20.0,14.0,3.0
697,0.0014339098015233379,1.100054322884289,0.9395806322568528,19.0,15.0,2.0
698,0.001008299076890864,1.1495730350588198,1.1141623324557899,23.0,17.0,2.0
699,0.00017055374029317774,1.1757700725493845,1.112075409944751,16.0,11.0,3.0
700,0.005773927255390945,1.1486983546863334,1.0044892706288864,19.0,14.0,2.0
701,0.0011798741839841426,1.1068532146571157,1.000350618740113,11.0,10.0,4.0
702,4.712456650092461e-05,1.1326664040687109,1.0100829264837792,22.0,18.0,2.0
703,0.011210517721578562,1.1121540719457144,1.2231982215340793,15.0,10.0,2.0
704,0.013090914593552749,1.1051201738564507,1.1309519540802628,22.0,16.0,4.0
705,0.004930199750207396,1.167826635185918,0.9253415353793594,20.0,17.0,2.0
706,0.015268910157630091,1.1501095807290753,1.0499234764384724,25.0,19.0,4.0
707,0.016254445039056785,1.1600762214432119,1.5443718395626325,26.0,18.0,4.0
708,0.024225087258978588,1.1321592319380127,1.3049927121977059,17.0,14.0,3.0
709,0.006469850176592251,1.196875372996939,1.2531685735510827,21.0,14.0,3.0
710,0.001191839271728393,1.1579779622727102,1.1408332429190515,26.0,18.0,4.0
711,-1.257813341233602e-16,1.1531347139739225,1.3297457344470613,21.0,17.0,3.0
712,0.0014559100835713381,1.147768150403558,1.3533949671118979,12.0,10.0,4.0
713,0.0018103428116348819,1.1634071163194908,1.1542448481255203,20.0,19.0,2.0
714,0.016755202530211902,1.1447594943236494,1.630955558548246,16.0,15.0,4.0
715,1.5261408844501102e-16,1.1831557285678624,0.9568391875283537,14.0,11.0,2.0
716,0.0,1.162601641263432,0.9228454181014395,18.0,13.0,2.0
717,0.0012903130235202935,1.1141388387770728,1.1294049603085794,26.0,17.0,4.0
718,0.00034875302357350175,1.130629725129966,1.0952901887636937,16.0,15.0,3.0
719,0.009590928236465018,1.1520763371794336,0.9989234217001683,13.0,12.0,2.0
720,0.0033338734429851757,1.1293731742025361,0.9254001774680735,11.0,10.0,2.0
721,0.061480380965286574,1.1368674400235013,1.2674409204775912,14.0,10.0,4.0
722,0.0005158984514139822,1.1069576656732762,1.287636870453913,27.0,18.0,4.0
723,0.031104388135330598,1.1100136839348949,1.111990559488127,15.0,14.0,2.0
724,0.018082713912867615,1.1931224513502139,1.5518132802583247,12.0,11.0,4.0
725,0.011116209354437906,1.1478988864762139,0.9569399461445637,23.0,15.0,2.0
726,0.001882275143039205,1.1813225483855478,0.8664242457840536,18.0,17.0,2.0
727,-1.5917464616557052e-16,1.1322285770517073,0.9113526763356422,17.0,14.0,3.0
728,0.0009844387410297617,1.1774938704225544,1.16659457205392,15.0,12.0,3.0
729,0.00943727183029559,1.1607377925118736,1.2344425738675875,20.0,17.0,3.0
730,0.0007454545185905005,1.1308405179268566,0.9766416667097567,20.0,14.0,3.0
731,0.010114711933455442,1.1904406857514442,1.0325803423256623,13.0,10.0,3.0
732,0.0059946357916962805,1.1484849923603389,1.0038887557223426,21.0,16.0,2.0
733,0.0,1.1372833915448093,0.8919397250394568,20.0,18.0,2.0
734,-1.7479135320987212e-16,1.1259985406121713,0.9798983797395727,20.0,14.0,2.0
735,2.6369941397840657e-16,1.1168517101824713,0.9331201489202494,19.0,13.0,2.0
736,1.0169210640279282e-05,1.1707964469563816,1.0643168362696525,18.0,13.0,2.0
737,-1.3705847848015894e-16,1.1394070873130504,1.0297509998750067,17.0,16.0,2.0
738,0.02144466710399556,1.1582534725300726,1.3233312824414698,15.0,14.0,4.0
739,-1.1865681077398237e-16,1.1959245568573582,1.4843039712020578,23.0,16.0,3.0
740,0.0012434297875349941,1.1390471345906974,1.256540201213019,17.0,15.0,4.0
741,0.0004795154542370933,1.1294701387921247,1.0376080310650897,27.0,19.0,2.0
742,0.006045776357526127,1.183375432942916,1.0207339904987665,25.0,17.0,4.0
743,0.010015863442010994,1.1473660270545845,1.0757375619093008,19.0,14.0,4.0
744,0.03019439159779296,1.109443812934137,0.9685106107517044,17.0,12.0,2.0
745,0.006900517545551395,1.1500150783051437,0.919795988587696,18.0,12.0,2.0
746,0.0028452791277635238,1.141485004758404,1.38709201776051,23.0,17.0,3.0
747,0.004134428798300316,1.13715948660109,1.3214256179615376,18.0,13.0,3.0
748,0.002273485581382265,1.1129705550381168,1.0055346076268654,17.0,13.0,2.0
749,0.008648307840490846,1.1678920464087412,1.2087243273489858,15.0,12.0,3.0
750,0.007318508591001164,1.1896086193234106,1.0837931908872365,18.0,16.0,3.0
751,0.0005373497885037376,1.1496582365810664,1.0572360992130143,20.0,19.0,4.0
752,0.0,1.1396754493867476,1.0201226550924887,21.0,14.0,2.0
753,0.009014958352866692,1.1760655871788916,1.8994442514164007,29.0,19.0,4.0
754,0.0033717178350613926,1.1896717748293704,1.5021299258327636,19.0,17.0,3.0
755,1.5491126535765354e-16,1.159948434938649,1.0193066443065628,23.0,18.0,2.0
756,7.342200101108007e-05,1.1869559678785389,1.1313738721433124,20.0,14.0,2.0
757,0.03627496495708382,1.1243984848078263,1.1963669037910438,16.0,11.0,4.0
758,0.0005917971495756526,1.1946430657828293,1.1019661552734823,19.0,13.0,3.0
759,0.009509012886365643,1.1982299577350914,1.6027633043046983,20.0,13.0,4.0
760,-1.157677232873422e-16,1.1128165173097255,0.9660082477985593,12.0,10.0,2.0
761,0.0,1.1343926830073279,1.0138091097264712,18.0,16.0,2.0
762,0.0024480889761199966,1.1296491821861712,1.016675076272201,19.0,17.0,3.0
763,0.004856214970225831,1.1441030513463903,0.9138251211280648,21.0,15.0,2.0
764,0.0,1.121325295817856,1.3450473039470252,20.0,13.0,2.0
765,0.0064809457041513354,1.1216072103865582,0.9829129126944907,23.0,15.0,4.0
766,0.024637175834527302,1.1098863128277279,1.1023200098949637,13.0,10.0,3.0
767,2.0148234921057478e-16,1.1444060129709868,1.1966984584906535,15.0,14.0,3.0
768,0.0017403542913331195,1.1303230124430932,1.2727907339453894,17.0,14.0,3.0
769,0.03232408649189883,1.1491082678604239,1.689884949807625,20.0,13.0,4.0
770,0.005238470642020387,1.16221007561293,1.202819326838007,17.0,16.0,3.0
771,0.056750580371216726,1.1165118601886865,1.3427402088063953,18.0,12.0,3.0
772,0.0011783413998218335,1.1360306363423687,0.8869755652036746,14.0,10.0,2.0
773,0.000834039387420137,1.1120436861293952,0.9716319892677855,24.0,16.0,2.0
774,-2.0135144250105842e-16,1.199977370573828,0.8836847223147752,27.0,18.0,2.0
775,1.4288623944055074e-16,1.186886218538404,0.9973854331517464,26.0,19.0,3.0
776,0.021020847490750057,1.1221173892395189,1.1279939535721777,13.0,11.0,3.0
777,0.001215897419260262,1.1943452879121221,1.25523273516215,16.0,15.0,3.0
778,0.00507458204595484,1.1001042348359509,1.198358062229068,23.0,15.0,3.0
779,0.0,1.119091380513102,0.9895800424414465,20.0,16.0,2.0
780,0.002283714868853917,1.1420354535142854,1.2139794451405588,25.0,17.0,4.0
781,-1.1167358432518577e-16,1.1210708084221657,1.0443073386849822,13.0,11.0,2.0
782,-2.298938725530642e-16,1.1577305465304315,0.940571323489654,15.0,11.0,2.0
783,0.0032907271278435285,1.1834444623025526,1.0194542246580984,15.0,12.0,4.0
784,0.0032233239191931805,1.134896532311628,0.9190548831136859,15.0,13.0,4.0
785,0.0063787593876412155,1.1428653343650583,0.961728515847703,14.0,11.0,2.0
786,0.00847286961879476,1.1037417460807821,1.1707616694152974,11.0,10.0,4.0
787,0.0,1.1612151948815257,1.0428137791493497,25.0,17.0,2.0
788,0.00012488904765949684,1.1269391963110538,0.8984951398886664,19.0,17.0,2.0
789,0.013475228185333189,1.1050454837185806,1.192051115940129,14.0,12.0,3.0
790,0.010100780935727333,1.1437005170512382,1.220772537439609,15.0,14.0,2.0
791,0.007053286332272221,1.190932749325704,1.4854023013765438,26.0,18.0,4.0
792,0.017081496475328858,1.1664329927019235,1.1730957551557268,21.0,14.0,3.0
793,0.04360448097417101,1.1419746239081126,0.9923309515457343,14.0,11.0,2.0
794,-1.5152127689274137e-16,1.1957815452709708,1.0040273095696706,19.0,17.0,2.0
795,0.04759434102439302,1.1646959063406535,1.091453355795354,22.0,16.0,4.0
796,0.0005005087646946588,1.128042459023113,0.9840506316573197,20.0,16.0,2.0
797,0.03635689154697241,1.108226998499436,1.1582870934475842,16.0,11.0,4.0
798,0.0,1.1032734395604924,1.0808304889070754,23.0,15.0,2.0
799,0.025267031509434875,1.1758348607686382,1.3674949324889334,17.0,13.0,4.0
800,0.0002836759797856367,1.1362140920969448,1.346980674295067,14.0,11.0,3.0
801,8.411598875857614e-05,1.1512518622887498,1.0222989662033108,22.0,16.0,4.0
802,0.0028688717934418463,1.1986481795729986,0.9486887820584516,13.0,10.0,3.0
803,-2.310984525070027e-16,1.18183862335016,0.9812277995725154,18.0,12.0,2.0
804,0.0020830713037839886,1.1909331178653353,1.2036132960894745,25.0,19.0,4.0
805,0.0010616464247785746,1.1693341456930035,1.1944788358671312,21.0,19.0,4.0
806,0.0,1.1297413609484883,1.1653521191318006,15.0,10.0,2.0
807,0.0,1.1242293921572961,0.9192161782875293,21.0,19.0,2.0
808,0.01779171111122958,1.1271629776805232,0.9280974519967486,15.0,11.0,2.0
809,0.003935123850298953,1.1254960791742024,1.225468381824822,23.0,17.0,4.0
810,-1.4511625202801716e-16,1.16489884569562,1.2385343723304707,22.0,18.0,3.0
811,0.0050001623231944676,1.1034485010875712,1.6471932364996669,26.0,18.0,3.0
812,0.013345419467083931,1.1369634412149163,1.1632670916758672,21.0,17.0,3.0
813,0.018799550318726654,1.1487794777130782,1.2840744837388942,11.0,10.0,3.0
814,2.166599668993138e-16,1.1534576154078469,1.062690645933413,12.0,10.0,2.0
815,0.0015705354513059098,1.1189758957943292,1.1243040041247347,24.0,16.0,3.0
816,-1.253671094285825e-16,1.1723600704523693,1.29422361167657,23.0,17.0,4.0
817,0.002555228572444488,1.1730207949128262,1.1599896454457215,18.0,12.0,3.0
818,0.01754518291133722,1.1019132653317565,1.0650787818110314,21.0,17.0,4.0
819,0.0009853051609807354,1.1990082027277513,1.1035451167534964,16.0,13.0,4.0
820,1.4761871514351643e-16,1.1772799776911733,0.9483516668602724,21.0,18.0,2.0
821,-2.2230054764141375e-16,1.1793267909631615,1.1621874328595683,17.0,13.0,3.0
822,0.052492939062121324,1.1187991476049561,0.946694228507684,23.0,16.0,3.0
823,0.0018886325761800465,1.125128662659911,1.0555097343485873,21.0,14.0,2.0
824,0.0009488785394655902,1.130168948685032,1.1070891752347993,20.0,19.0,4.0
825,0.015328380818414453,1.1172450990328708,1.3126814655110406,14.0,11.0,3.0
826,0.0,1.1303880636946746,1.1270151530695611,18.0,16.0,2.0
827,-1.1816434703175944e-16,1.1706078583508874,1.1209679174611231,24.0,17.0,3.0
828,0.0034518076507243705,1.1547882556525215,1.0074086030328746,16.0,13.0,2.0
829,0.02412347486267309,1.127628217699231,1.4767384747244807,20.0,14.0,3.0
830,-1.8170892663569177e-16,1.1254685124939803,1.0619137671344134,20.0,16.0,2.0
831,1.1163500565558588e-16,1.1977004979856423,1.0681473227257383,12.0,10.0,2.0
832,0.06850789795940912,1.1461547070249507,1.899213154939303,16.0,11.0,4.0
833,0.01699565326262783,1.1308412336920253,1.646178997788331,14.0,10.0,2.0
834,0.06076503298688983,1.101120894561017,1.0725456830678026,18.0,12.0,3.0
835,0.026702291194813533,1.1180562262252451,1.3458991598317327,21.0,19.0,4.0
836,0.0050258540724978686,1.1499910941483653,1.0357622226582046,28.0,19.0,2.0
837,0.0017390620191914583,1.1830096668887335,1.4231150731696467,24.0,18.0,3.0
838,0.0009369906892768576,1.1769899635616914,0.9648807596894714,18.0,13.0,2.0
839,0.011865571846969599,1.1894748502476733,1.0276481413096106,15.0,11.0,3.0
840,-1.221815875271465e-16,1.1551062201769036,1.0405403976903893,24.0,19.0,3.0
841,0.00857712378049705,1.1330211317624568,1.1036236402616433,15.0,10.0,2.0
842,0.010515940573620292,1.1468754951501563,0.9645889925895349,18.0,17.0,3.0
843,0.009956604861354253,1.1024853708082811,1.210969162350915,22.0,16.0,3.0
844,0.02190045739962476,1.1498033859289962,1.0993248831037958,16.0,12.0,3.0
845,1.5344516358334482e-16,1.108871960564007,1.0400777809537198,14.0,12.0,2.0
846,0.0006545603005266456,1.1985959278127833,1.123809834495705,22.0,17.0,4.0
847,1.173060879349465e-16,1.1606862866851955,0.8810192709916052,26.0,19.0,2.0
848,0.010694219631036709,1.149802236493011,1.0295799181343572,15.0,12.0,4.0
849,-1.4223895536010279e-16,1.1576024448917268,0.932530677161266,17.0,16.0,3.0
850,0.008162181374663232,1.1485563727654713,1.5138971291720391,22.0,17.0,4.0
851,0.01340482012681575,1.1165218662040213,1.0264142736312372,23.0,17.0,3.0
852,0.040136884118907826,1.1462868216876885,1.0968515594387411,12.0,10.0,2.0
853,0.0048862504679093805,1.1657578496935666,0.9360766281242145,18.0,12.0,2.0
854,0.0,1.105066187922014,1.059946422622928,21.0,17.0,2.0
855,0.0,1.1738235640012606,1.0243341166226088,23.0,17.0,3.0
856,0.00612320984162518,1.114856422004534,1.2243411439878162,26.0,19.0,3.0
857,0.008494523343562283,1.140739497289756,1.0019468732155241,18.0,13.0,3.0
858,0.0,1.1888840932352964,1.38895764802686,18.0,15.0,3.0
859,-2.6800979677501487e-16,1.176018907751815,0.8952815773314119,16.0,14.0,2.0
860,0.003236302363324813,1.182479551406235,1.073563582959731,24.0,19.0,4.0
861,0.0022130485037665363,1.146473168360697,0.9268051178880807,22.0,19.0,2.0
862,0.0,1.1422530310505605,1.0003736882405987,24.0,18.0,2.0
863,1.9585650332057598e-16,1.1781034610180583,0.8899518314413885,16.0,14.0,2.0
864,0.0063699485994095605,1.100908273756315,1.1755086736909883,22.0,17.0,3.0
865,-2.0444704696249403e-16,1.1960958615685975,0.9658304669612867,15.0,10.0,2.0
866,3.877797097634466e-05,1.1181350527762675,1.379004883991699,25.0,17.0,4.0
867,0.0068482687275322664,1.1769946544579015,1.514219938664918,14.0,13.0,4.0
868,0.0,1.1009640440353654,1.0691257361473356,19.0,15.0,2.0
869,0.015339464559751001,1.1083135884350033,1.0376313474786327,17.0,16.0,4.0
870,0.008936774099247763,1.1386893842775363,1.2748098525020657,14.0,13.0,3.0
871,-1.981529667015857e-16,1.1039966706476392,1.143017733105681,13.0,10.0,2.0
872,0.007270845675306705,1.1018752857633356,1.070807192655075,27.0,18.0,4.0
873,0.00708530715242826,1.1088129802200304,1.1663275298902451,14.0,10.0,2.0
874,1.6280229854478196e-16,1.1633304575057772,1.1361033283992208,22.0,16.0,2.0
875,2.40470224131189e-16,1.1981973316332886,0.8770882079094892,23.0,17.0,2.0
876,0.0006600524259272004,1.136889742690525,0.8893090532784679,23.0,18.0,2.0
877,1.9546097833513393e-16,1.130297866462664,1.0478514644402017,14.0,13.0,2.0
878,0.005347584384125769,1.1541538345601385,1.8394413430282286,28.0,19.0,4.0
879,0.10639891788374542,1.1007646912588969,1.164956529019324,18.0,14.0,4.0
880,0.0024070872251581816,1.1662345585754694,0.9787801379510118,12.0,11.0,3.0
881,0.0017354656473002252,1.1860542111804881,1.1486922213964745,23.0,17.0,4.0
882,0.0007644261720970098,1.1660459296025079,1.095090922312524,15.0,11.0,3.0
883,0.016315008406875612,1.1425732413990464,1.4572286614734447,21.0,15.0,4.0
884,-1.3176727275413045e-16,1.1782470026301533,1.0790593081164925,26.0,17.0,2.0
885,-1.2551960513870567e-16,1.1967006469574217,0.8473490042285658,13.0,10.0,2.0
886,0.0,1.170654479919702,0.9557844134404717,19.0,16.0,2.0
887,0.05698813942024372,1.1730367472353214,0.9213507144156226,21.0,15.0,2.0
888,0.005855072715631842,1.1156422972056614,1.0402620363354504,19.0,16.0,2.0
889,0.009567897421782684,1.1878866409204232,1.4268425840075596,18.0,15.0,4.0
890,0.0007791971547293153,1.1599908664265088,1.1223360625842944,19.0,17.0,3.0
891,0.03633740500100044,1.117430442038729,1.3892408656036324,13.0,10.0,3.0
892,0.011036126814545388,1.1944111277271645,1.110014148672199,19.0,18.0,4.0
893,0.008277436845367435,1.134807540591945,0.8892767873014189,23.0,17.0,2.0
894,0.00048019972735286734,1.156721149347973,0.9523950319921556,27.0,19.0,2.0
895,0.019425594368202546,1.104304034175026,1.7963617364172797,16.0,12.0,4.0
896,0.020192028164564876,1.1790194624364554,1.3582203147810221,22.0,16.0,4.0
897,0.0,1.164250183613516,1.1308587253158555,25.0,19.0,3.0
898,-1.7340760965038336e-16,1.1142037453349491,1.2272583174777076,21.0,15.0,3.0
899,0.014326238324418901,1.175816365184722,1.0834605010128662,19.0,15.0,4.0
900,0.0,1.199380482023656,0.8798441611951311,17.0,14.0,2.0
901,0.03913963621748667,1.1069711664445108,1.3887945732631042,15.0,11.0,3.0
902,1.694052291876481e-16,1.1049427393531919,1.0406035980440709,19.0,15.0,2.0
903,2.7775572887353422e-05,1.1642078167681356,0.9758347129486755,20.0,18.0,2.0
904,-1.6027299653214004e-16,1.1504984215087748,1.0194548254026863,20.0,18.0,3.0
905,0.01440183096296698,1.1577416050033127,1.0023272626731143,20.0,19.0,4.0
906,-2.2022027969295434e-16,1.1953066053984847,0.881187081758252,23.0,19.0,2.0
907,0.002231254688591538,1.14927246140552,1.265315758269364,25.0,19.0,4.0
908,3.639523343527827e-16,1.158256032072106,0.9694385075527031,25.0,18.0,2.0
909,0.001093272740268539,1.1854416704963318,0.8971637346811266,13.0,11.0,3.0
910,-6.116449808477617e-16,1.1303265547113386,0.9198752016230692,17.0,16.0,3.0
911,0.005527454578807059,1.143201660880349,1.0015710766375405,12.0,11.0,2.0
912,0.0005229015178896743,1.156341443095058,1.6961615537080394,21.0,17.0,4.0
913,0.009696428333052414,1.179392119964768,1.0705717886563735,19.0,13.0,4.0
914,0.0,1.1993069537741412,1.012736840719013,17.0,16.0,2.0
915,0.0024178785311155197,1.1755743707588215,0.9264334771908564,21.0,15.0,2.0
916,0.0010364431539242364,1.1286976272435327,1.2057892836834114,18.0,14.0,3.0
917,0.013538796657204132,1.1584388369705645,1.4467129910210226,18.0,15.0,3.0
918,0.037132857002017135,1.125262774106162,2.053625041109477,26.0,17.0,4.0
919,0.0,1.1290309470222137,1.0606422630251804,18.0,15.0,2.0
920,1.973486675285662e-16,1.1646395702194536,1.136167199209902,25.0,19.0,2.0
921,0.005198855971815755,1.1674716197952284,0.8802136847984321,13.0,11.0,2.0
922,0.0014616185202733598,1.1901298856796079,1.181126039942724,22.0,15.0,2.0
923,0.04348499431565285,1.190194661670728,1.375481429845614,19.0,14.0,4.0
924,0.0,1.1524147776078024,0.8911581896135466,15.0,13.0,2.0
925,0.003820264387159169,1.1104053738523088,1.2717332145699947,17.0,13.0,3.0
926,0.0385402513933959,1.105704817209101,1.0088461558142894,25.0,19.0,3.0
927,0.00035377305677442705,1.1545096140056854,1.2016389697787238,18.0,16.0,4.0
928,0.013178482667938968,1.1199654756121227,1.1023666528249556,26.0,19.0,4.0
929,6.173275005805199e-16,1.162409993784718,1.3944592419386217,21.0,18.0,4.0
930,0.0,1.1295394303255675,1.0538493593418055,19.0,13.0,2.0
931,0.00145797679616627,1.1044960437512654,1.355037862371536,23.0,16.0,4.0
932,1.9234467311517526e-16,1.1892246169794567,0.9135536156775835,14.0,12.0,2.0
933,0.0067241504683015945,1.1787282683406524,1.012470718834862,19.0,16.0,4.0
934,0.035973702684925966,1.1687074905682673,1.3720127567069762,14.0,13.0,3.0
935,0.00035016952545792343,1.1148835790929534,1.1946390515939933,16.0,15.0,3.0
936,0.030625769848979995,1.1062203520562173,1.52609634011307,18.0,17.0,4.0
937,0.00761695253628316,1.1760397609428488,0.9282673160532661,14.0,11.0,3.0
938,0.00821701657005616,1.1125689748243666,1.4546763856147744,16.0,15.0,4.0
939,2.902923905208446e-16,1.1493511605357678,0.9942352904373117,20.0,19.0,3.0
940,0.0020587415432265404,1.1437897064906875,1.0908747840798674,14.0,10.0,2.0
941,0.035694504739994595,1.1404631907829015,1.150036401103584,23.0,16.0,4.0
942,0.0005705147234340212,1.131670125128458,0.9076259352591353,17.0,14.0,2.0
943,0.03586413652169745,1.1312545269792937,1.4918314371961916,22.0,15.0,4.0
944,9.637501009967688e-05,1.1631173720683674,1.035769364942402,21.0,14.0,3.0
945,-1.4759158852684048e-16,1.1274223372543692,1.8215034756667345,16.0,11.0,4.0
946,0.0051480813004988555,1.1177055406201069,0.9111064952832253,21.0,15.0,2.0
947,0.050958451671581036,1.1394017862633012,1.3371029022455263,27.0,18.0,4.0
948,0.0,1.134864987001465,1.1265675132170787,21.0,16.0,2.0
949,-1.8141720224693082e-16,1.180926673217328,1.04917513196801,17.0,16.0,2.0
950,-1.6180880699263975e-16,1.1726357666641045,0.8545143054943535,15.0,14.0,2.0
951,0.009564520935571249,1.129650574305893,1.1079238075058646,26.0,18.0,2.0
952,0.0,1.1779036582712292,1.1011385421082018,18.0,13.0,2.0
953,0.00031068468807693336,1.1563263929913932,0.995914431285009,24.0,18.0,3.0
954,0.008159821676639614,1.1817428450111684,1.1882802232451546,24.0,18.0,3.0
955,0.01165245793609307,1.1252605060103373,1.2849388982114953,19.0,15.0,3.0
956,0.0,1.122638272476546,0.9690651348772712,12.0,10.0,2.0
957,0.00016004391494892547,1.1723592376949377,1.1662921306677976,23.0,16.0,4.0
958,0.01800010570819389,1.1165741682757298,1.0375573566130456,14.0,12.0,3.0
959,0.00013238570709603374,1.152956615857166,0.9556687441417687,26.0,19.0,2.0
960,0.0,1.1854940323251748,0.8859809605794257,20.0,17.0,2.0
961,2.2117882458468923e-16,1.1438061502037546,0.9471546982696674,20.0,15.0,2.0
962,0.004987753212484075,1.1777021895819093,0.9451170116147444,16.0,14.0,3.0
963,1.21494768481301e-16,1.1557078874300915,1.0216194349503782,21.0,19.0,3.0
964,-1.1878033439682861e-16,1.1950714721510725,1.2473361022199358,22.0,19.0,4.0
965,2.102303208891904e-16,1.190849866397098,1.083899269855904,17.0,13.0,3.0
966,0.033744272590338124,1.1073767428766492,1.388817072411342,18.0,16.0,2.0
967,0.015276100771505693,1.1090728765081737,0.974988977157331,16.0,15.0,3.0
968,0.0005075827936302678,1.140482523441673,1.1403193653773682,13.0,12.0,4.0
969,1.4313926190297175e-16,1.1218612733086113,1.1484985032187087,24.0,18.0,3.0
970,0.01104622831595547,1.1020929997914726,1.1450975843877933,15.0,11.0,4.0
971,0.026819525821459717,1.187197722882933,0.8735553990227006,14.0,12.0,3.0
972,1.1709854264082512e-16,1.1508409085404607,1.161988933540237,23.0,18.0,4.0
973,0.0,1.1545220216408167,1.3054810807736246,17.0,12.0,4.0
974,0.0009002714551474718,1.163495145522253,1.1469124082751803,21.0,19.0,4.0
975,0.016511542098875908,1.1142579055898438,1.2838108844605916,18.0,15.0,4.0
976,0.0,1.1802053471424614,1.0563968312278316,11.0,10.0,3.0
977,1.1696096232055464e-16,1.186409917612937,1.0900184998578073,15.0,14.0,3.0
978,1.3845705094205942e-16,1.1047213969090344,1.0675987438326986,24.0,19.0,4.0
979,0.06826630745468587,1.13884940481272,1.4167608381814591,17.0,12.0,4.0
980,0.022405993345013923,1.108103632954727,2.5566405897138527,13.0,12.0,4.0
981,0.04097034593148211,1.1891769487189383,1.4461094863020365,15.0,12.0,2.0
982,0.02851799400100854,1.1539652817915684,1.07497673381614,22.0,17.0,4.0
983,0.03631122021607395,1.109824616643555,1.5301599405303388,12.0,11.0,4.0
984,0.0043856531408660235,1.1765464459987178,1.5140641985511927,29.0,19.0,4.0
985,0.03472287728273037,1.116032706737968,1.7276244045848084,19.0,14.0,4.0
986,0.0016985164141503477,1.132474924685298,1.0974759880420297,16.0,13.0,4.0
987,0.003039319952790062,1.1819171731239893,1.0346502013420373,23.0,18.0,3.0
988,0.009800857140602899,1.1852487221565584,1.2998377700381758,23.0,18.0,4.0
989,0.008029967422186078,1.162659339935671,0.8801745289539356,21.0,18.0,2.0
990,0.0015723972040765325,1.152552717797973,0.9260149025526168,11.0,10.0,2.0
991,0.0182451324610187,1.1700346077326436,1.0220128685854726,24.0,18.0,2.0
992,0.005454798742664518,1.1216810454083976,0.9605437985609133,17.0,12.0,3.0
993,0.000806975196827428,1.1232337161559875,0.9483029088352262,21.0,15.0,3.0
994,0.0015644937087706398,1.1971097450927843,1.159477575069217,21.0,16.0,3.0
995,0.013367666675984031,1.1404845376099906,0.9436550391273455,11.0,10.0,2.0
996,0.0005681318904552769,1.117537737972037,1.1014905275949105,17.0,15.0,2.0
997,0.024114678331792323,1.180056328264445,1.0391244348250486,15.0,13.0,3.0
998,0.016033716196773063,1.100584552177258,1.3644306460373947,20.0,14.0,3.0
999,3.2039128639337875e-16,1.1624328160047313,0.8800269756817635,21.0,15.0,2.0
