,value_factor,rho,p_val,no_items,no_pos,no_prop,p_bonferonni
0,1.0002688420173012,0.9928571428571428,2.1681214863293047e-13,23.0,15.0,2.0,2.1681214863293048e-10
1,1.0030787449312464,0.7549019607843138,0.0004602984125426377,23.0,17.0,3.0,0.4602984125426377
2,1.0043448745158867,0.8823529411764706,1.2678715297879369e-06,22.0,18.0,3.0,0.0012678715297879369
3,1.001897073235539,0.6433566433566434,0.024003191200713644,14.0,12.0,3.0,24.003191200713644
4,1.0,0.9999999999999999,6.646897422032013e-64,11.0,10.0,3.0,6.646897422032013e-61
5,1.009370409410273,0.943859649122807,1.3339955796336925e-09,27.0,19.0,3.0,1.3339955796336925e-06
6,1.0,1.0,0.0,12.0,11.0,2.0,0.0
7,1.0042953764849443,0.975438596491228,1.3190643557743196e-12,27.0,19.0,4.0,1.3190643557743195e-09
8,1.0084642244475823,0.5515151515151515,0.09840117666963498,15.0,10.0,2.0,98.40117666963498
9,1.0001828548260088,0.990909090909091,3.762571807085399e-09,14.0,11.0,2.0,3.762571807085399e-06
10,1.0095367008571305,0.4197802197802198,0.13510107382914271,15.0,14.0,4.0,135.1010738291427
11,1.0037500950959573,0.9607142857142855,1.3027489790343413e-08,21.0,15.0,2.0,1.3027489790343412e-05
12,1.0,1.0,0.0,19.0,13.0,2.0,0.0
13,1.014830116812544,0.9192982456140351,2.6791023376473904e-08,24.0,19.0,2.0,2.6791023376473905e-05
14,1.0016036031179854,0.9896800825593396,6.262894222146963e-15,22.0,18.0,2.0,6.262894222146963e-12
15,0.987104121365332,0.7147058823529412,0.0018627410999474353,22.0,16.0,4.0,1.8627410999474354
16,0.9999999999999999,1.0,0.0,12.0,11.0,4.0,0.0
17,0.9914663188528714,0.7750257997936018,0.00015833782693194364,20.0,18.0,4.0,0.15833782693194365
18,0.9994953290909464,0.990909090909091,3.762571807085399e-09,12.0,11.0,2.0,3.762571807085399e-06
19,1.0017904191906375,0.901098901098901,2.613862202954826e-05,19.0,13.0,2.0,0.02613862202954826
20,0.9963786415380339,0.9368421052631579,3.5437779291315266e-09,23.0,19.0,4.0,3.5437779291315266e-06
21,1.0081104349659236,0.9727272727272729,5.14217704904919e-07,13.0,11.0,2.0,0.000514217704904919
22,0.9945593820437433,0.9464285714285712,9.447938510352392e-08,22.0,15.0,4.0,9.447938510352391e-05
23,1.0055167016296016,0.9340659340659341,2.998703750099579e-06,16.0,13.0,4.0,0.002998703750099579
24,1.0079065295055827,0.8928571428571428,7.4947360645682566e-06,19.0,15.0,3.0,0.007494736064568256
25,1.0143493255238811,0.9719298245614034,4.0553496335086995e-12,26.0,19.0,3.0,4.0553496335087e-09
26,1.0045649675104156,0.9252747252747253,2.1365703496108153e-06,20.0,14.0,2.0,0.002136570349610815
27,0.985433522542166,0.690909090909091,0.018565033381595004,16.0,11.0,4.0,18.565033381595004
28,1.0027733193405752,0.9818181818181818,8.403066433955246e-08,12.0,11.0,3.0,8.403066433955245e-05
29,1.0260688353029173,0.5879120879120878,0.03458605834210788,15.0,13.0,4.0,34.58605834210788
30,1.0027734468312428,0.7911764705882354,0.0002619464480824597,20.0,16.0,4.0,0.2619464480824597
31,1.0068058209382627,0.8725490196078433,4.914594673940109e-06,21.0,17.0,3.0,0.004914594673940109
32,1.005147807616527,0.9649122807017543,1.0347287642285863e-10,20.0,18.0,3.0,1.0347287642285864e-07
33,1.006105859937752,0.9090909090909092,4.1910446530342335e-05,15.0,12.0,2.0,0.041910446530342337
34,1.0025818903353099,0.9835164835164836,1.611214573209521e-09,14.0,13.0,2.0,1.611214573209521e-06
35,1.0018834600920306,0.9790209790209792,3.0898013985487064e-08,14.0,12.0,2.0,3.0898013985487066e-05
36,0.9874053083148002,0.8186813186813187,0.0006209883849300375,17.0,13.0,4.0,0.6209883849300375
37,1.0049125770653131,0.9676470588235294,9.132894807195552e-10,18.0,16.0,4.0,9.132894807195552e-07
38,1.004244599130292,0.9790209790209792,3.0898013985487064e-08,15.0,12.0,3.0,3.0898013985487066e-05
39,1.0032507528452903,0.981424148606811,6.725639702470495e-13,20.0,18.0,2.0,6.725639702470495e-10
40,1.0021234045470104,0.9803921568627453,5.40869606994842e-12,19.0,17.0,3.0,5.40869606994842e-09
41,1.0028207326514993,0.9725274725274725,2.6191330438273957e-08,18.0,13.0,3.0,2.6191330438273956e-05
42,0.9992977253065584,0.9588235294117649,4.825540771378695e-09,19.0,16.0,4.0,4.825540771378695e-06
43,0.9988962804414474,0.5804195804195805,0.04785597684206059,16.0,12.0,2.0,47.85597684206059
44,1.0,1.0,0.0,18.0,17.0,2.0,0.0
45,1.0028656740414477,0.9938080495356036,1.065568864594519e-16,25.0,18.0,2.0,1.065568864594519e-13
46,1.0097215433211773,0.887719298245614,3.973316985545687e-07,21.0,19.0,3.0,0.0003973316985545687
47,0.9971237783015441,0.9440559440559443,3.9272610809659444e-06,15.0,12.0,4.0,0.0039272610809659445
48,1.0000910445146973,0.9030303030303028,0.00034361219776328223,15.0,10.0,4.0,0.3436121977632822
49,0.9981972355492817,0.4725274725274725,0.10298105029992852,14.0,13.0,4.0,102.98105029992851
50,1.000488172046996,0.9205882352941176,4.3204104274523115e-07,23.0,16.0,4.0,0.00043204104274523116
51,0.9996719948612054,0.9749999999999999,7.14370596522927e-10,18.0,15.0,3.0,7.143705965229271e-07
52,1.0060525495193346,0.9736842105263157,2.357054997299057e-12,23.0,19.0,4.0,2.357054997299057e-09
53,1.0022811680053867,0.9362745098039217,3.2834187890278755e-08,22.0,17.0,3.0,3.283418789027875e-05
54,1.0010272437387093,0.9868131868131869,7.379504109330886e-11,18.0,14.0,2.0,7.379504109330887e-08
55,1.0000578985857405,0.9912280701754386,2.200851783163643e-16,27.0,19.0,4.0,2.200851783163643e-13
56,1.0023201984153294,0.9030303030303028,0.00034361219776328223,14.0,10.0,3.0,0.3436121977632822
57,1.0159940809414778,0.9422084623323013,5.214680253289597e-09,21.0,18.0,4.0,5.214680253289597e-06
58,1.0001188348219578,0.8844169246646028,1.107920999077685e-06,23.0,18.0,4.0,0.001107920999077685
59,1.004195104292711,0.9794117647058824,3.982009789755264e-11,22.0,16.0,3.0,3.9820097897552636e-08
60,0.9961914493770853,0.9230769230769231,1.8621951098680987e-05,13.0,12.0,4.0,0.018621951098680988
61,1.0115811750635537,0.8956043956043955,3.480972994482087e-05,14.0,13.0,3.0,0.034809729944820865
62,1.0034919897883072,0.9181818181818183,6.661451941355563e-05,12.0,11.0,4.0,0.06661451941355563
63,0.9990374862966243,0.9636363636363635,7.320974809529922e-06,15.0,10.0,4.0,0.0073209748095299215
64,0.9985320047958517,0.9860139860139862,4.1168959116543284e-09,16.0,12.0,3.0,4.116895911654328e-06
65,0.9683597980634686,0.5757575757575757,0.08155281477260236,14.0,10.0,2.0,81.55281477260236
66,1.007530825644575,0.9818181818181818,8.403066433955246e-08,17.0,11.0,2.0,8.403066433955245e-05
67,1.0059343976511521,0.967032967032967,7.064113887175154e-08,17.0,13.0,2.0,7.064113887175154e-05
68,1.011737264738069,0.9878787878787878,9.307459988955517e-08,12.0,10.0,2.0,9.307459988955517e-05
69,0.9995200619539044,0.9370629370629372,6.99316495321054e-06,17.0,12.0,3.0,0.00699316495321054
70,1.000033585839952,0.8741258741258742,0.00020071307332423193,13.0,12.0,3.0,0.20071307332423194
71,1.004320043786384,0.988235294117647,8.108881053980581e-13,20.0,16.0,2.0,8.108881053980581e-10
72,0.9987379765650609,0.7852941176470588,0.00031285391788601143,17.0,16.0,4.0,0.3128539178860114
73,1.0022758564767802,0.9941176470588234,6.4339974884469385e-15,17.0,16.0,3.0,6.4339974884469384e-12
74,1.0028536915455182,0.8549450549450549,9.766040002967738e-05,19.0,14.0,3.0,0.09766040002967738
75,1.007455626467588,0.965686274509804,3.446356358407721e-10,19.0,17.0,4.0,3.446356358407721e-07
76,0.9755685653794526,0.690909090909091,0.018565033381595004,13.0,11.0,4.0,18.565033381595004
77,1.0023217750473497,0.9440559440559443,3.9272610809659444e-06,18.0,12.0,3.0,0.0039272610809659445
78,1.0054724677718936,0.9860139860139862,4.1168959116543284e-09,18.0,12.0,2.0,4.116895911654328e-06
79,1.0000904251914968,0.9892857142857142,2.9989342571550623e-12,23.0,15.0,3.0,2.9989342571550625e-09
80,1.0066352933375935,0.9280701754385964,1.0385054272333297e-08,27.0,19.0,3.0,1.0385054272333297e-05
81,1.0116875450961493,0.9384615384615385,6.86120148176667e-07,18.0,14.0,3.0,0.000686120148176667
82,1.0006329702899814,0.9208791208791209,2.981543161456545e-06,21.0,14.0,2.0,0.0029815431614565453
83,1.007776304947481,0.9790209790209792,3.0898013985487064e-08,17.0,12.0,2.0,3.0898013985487066e-05
84,1.003009573334459,0.982843137254902,2.000914024116428e-12,22.0,17.0,2.0,2.000914024116428e-09
85,1.018640831408322,0.9395604395604396,1.8782484299388895e-06,16.0,13.0,2.0,0.0018782484299388895
86,1.002746955554719,0.989010989010989,1.7507283021964818e-10,17.0,13.0,2.0,1.7507283021964818e-07
87,0.9872571969248083,0.8989010989010989,1.2358700865600781e-05,16.0,14.0,4.0,0.01235870086560078
88,0.9983063454417466,0.9545454545454546,4.988898739949763e-06,12.0,11.0,2.0,0.004988898739949763
89,0.9987036411153081,0.9615384615384615,1.631768081069998e-07,16.0,13.0,2.0,0.00016317680810699978
90,1.000986888444135,0.9749999999999999,7.14370596522927e-10,16.0,15.0,3.0,7.143705965229271e-07
91,1.0,0.9999999999999999,6.646897422032013e-64,12.0,10.0,3.0,6.646897422032013e-61
92,0.9969737117536349,0.9749999999999999,7.14370596522927e-10,18.0,15.0,3.0,7.143705965229271e-07
93,1.0,1.0,0.0,16.0,11.0,4.0,0.0
94,1.007612476113113,0.9878787878787878,9.307459988955517e-08,15.0,10.0,2.0,9.307459988955517e-05
95,1.001788843481981,0.9930069930069931,1.3016730560634403e-10,13.0,12.0,2.0,1.3016730560634403e-07
96,1.0188528423768206,0.8601398601398602,0.0003316683391269209,15.0,12.0,3.0,0.3316683391269209
97,1.0007090746164902,0.9970588235294118,5.0655883449921147e-17,17.0,16.0,3.0,5.065588344992115e-14
98,1.0000746147600013,0.9956043956043955,1.0315953358848785e-13,17.0,14.0,2.0,1.0315953358848785e-10
99,1.0016220482406113,0.9692307692307693,1.1465229425475097e-08,16.0,14.0,4.0,1.1465229425475098e-05
100,0.9957644412065852,0.9151515151515152,0.0002044724061488323,12.0,10.0,2.0,0.20447240614883228
101,1.0111583840839837,0.87203302373581,2.4017641453772196e-06,21.0,18.0,4.0,0.0024017641453772196
102,1.0008773823029757,0.9835164835164836,1.611214573209521e-09,16.0,13.0,3.0,1.611214573209521e-06
103,0.9806964485361735,0.7727272727272727,0.005299487178643863,14.0,11.0,4.0,5.299487178643863
104,1.0070157974102016,0.8678571428571429,2.7518063955129248e-05,20.0,15.0,3.0,0.02751806395512925
105,0.9836576101254868,0.37762237762237766,0.22620604493502663,16.0,12.0,4.0,226.20604493502663
106,1.0002671741123426,0.9975490196078433,9.580348013919738e-19,19.0,17.0,2.0,9.580348013919737e-16
107,1.0021215881024805,0.6294117647058822,0.008988089264446917,24.0,16.0,3.0,8.988089264446916
108,0.9902498963014418,0.7939393939393938,0.0060999233136969115,11.0,10.0,2.0,6.0999233136969115
109,0.9980104270074226,0.9636363636363635,7.320974809529922e-06,12.0,10.0,3.0,0.0073209748095299215
110,0.9993682744588279,0.9545454545454546,4.988898739949763e-06,12.0,11.0,4.0,0.004988898739949763
111,1.0,1.0,0.0,15.0,12.0,2.0,0.0
112,1.000834835686867,0.9647058823529412,1.6662077463303436e-09,17.0,16.0,4.0,1.6662077463303437e-06
113,1.0090546123791448,0.9470588235294116,2.715731165956679e-08,22.0,16.0,3.0,2.715731165956679e-05
114,0.9595707217669965,0.6848484848484848,0.02888279750673276,14.0,10.0,4.0,28.88279750673276
115,1.0005198793139054,0.9970588235294118,5.0655883449921147e-17,19.0,16.0,2.0,5.065588344992115e-14
116,0.9941417797075793,0.9515151515151514,2.279854920641689e-05,15.0,10.0,4.0,0.022798549206416892
117,1.0,1.0,0.0,16.0,12.0,2.0,0.0
118,0.9965434747634869,0.9757575757575757,1.4675461874042197e-06,13.0,10.0,4.0,0.0014675461874042197
119,1.0130263049521233,0.9571428571428571,2.2736751556259742e-08,16.0,15.0,3.0,2.273675155625974e-05
120,1.0054864647839947,0.8147058823529412,0.00012130950572235612,24.0,16.0,3.0,0.12130950572235612
121,1.0015746118316966,0.9230769230769231,1.8621951098680987e-05,15.0,12.0,2.0,0.018621951098680988
122,1.0061976997774946,0.9684210526315788,1.09055586677185e-11,22.0,19.0,3.0,1.0905558667718501e-08
123,0.9951867546380792,0.7939393939393938,0.0060999233136969115,13.0,10.0,2.0,6.0999233136969115
124,0.940395739485928,0.621978021978022,0.017550315290540047,16.0,14.0,3.0,17.55031529054005
125,1.0058953908874184,0.9636363636363637,1.852039864070312e-06,13.0,11.0,3.0,0.001852039864070312
126,1.0112058119175502,0.9515151515151514,2.279854920641689e-05,11.0,10.0,2.0,0.022798549206416892
127,1.002015733617727,0.8529411764705882,2.6790740577247285e-05,22.0,16.0,2.0,0.026790740577247285
128,0.9949364307052291,0.9370629370629372,6.99316495321054e-06,17.0,12.0,4.0,0.00699316495321054
129,1.002994178962428,0.75,0.0008197640272555872,20.0,16.0,3.0,0.8197640272555872
130,0.9958576927191751,0.8593406593406594,8.200994666805756e-05,18.0,14.0,4.0,0.08200994666805757
131,1.000043818801253,0.9970588235294118,5.0655883449921147e-17,21.0,16.0,2.0,5.065588344992115e-14
132,1.0020369231869375,0.9632352941176472,5.740995055041279e-10,25.0,17.0,4.0,5.740995055041279e-07
133,1.0061133385199335,0.8607142857142854,3.8055250226647814e-05,23.0,15.0,3.0,0.03805525022664781
134,1.0034821381085186,0.9505494505494506,6.363704773478595e-07,16.0,13.0,4.0,0.0006363704773478595
135,0.993280492732137,0.5454545454545455,0.08265095734417506,14.0,11.0,2.0,82.65095734417505
136,1.0,0.9999999999999999,6.646897422032013e-64,15.0,10.0,2.0,6.646897422032013e-61
137,1.0039714900746917,0.7890109890109891,0.0007946144116544928,19.0,14.0,4.0,0.7946144116544929
138,1.0032806360894952,0.9676470588235294,9.132894807195552e-10,18.0,16.0,4.0,9.132894807195552e-07
139,1.0041556658991337,0.9076923076923077,7.3017039968523426e-06,18.0,14.0,4.0,0.0073017039968523425
140,1.0047273716089837,0.9525283797729618,1.1169590316176146e-09,25.0,18.0,3.0,1.1169590316176147e-06
141,1.0011015239409764,0.9956043956043955,1.0315953358848785e-13,19.0,14.0,2.0,1.0315953358848785e-10
142,1.0008418922702567,0.9515151515151514,2.279854920641689e-05,14.0,10.0,3.0,0.022798549206416892
143,1.0008006075544102,0.989010989010989,1.7507283021964818e-10,16.0,13.0,3.0,1.7507283021964818e-07
144,0.9754481222506636,0.6,0.06668799999999996,15.0,10.0,3.0,66.68799999999996
145,1.0054447484124323,0.967032967032967,7.064113887175154e-08,19.0,13.0,2.0,7.064113887175154e-05
146,1.0008558413164599,0.9727272727272729,5.14217704904919e-07,14.0,11.0,2.0,0.000514217704904919
147,1.0000170696827908,0.9975490196078433,9.580348013919738e-19,23.0,17.0,3.0,9.580348013919737e-16
148,1.003694222927321,0.9525283797729618,1.1169590316176146e-09,26.0,18.0,3.0,1.1169590316176147e-06
149,1.0,1.0,0.0,17.0,14.0,2.0,0.0
150,1.0025874755583575,0.9736263736263736,4.5902787925115095e-09,18.0,14.0,2.0,4.59027879251151e-06
151,0.990159726103323,0.9454545454545454,1.118303770149319e-05,13.0,11.0,4.0,0.01118303770149319
152,1.020843940512121,0.782142857142857,0.0005697096277734958,21.0,15.0,4.0,0.5697096277734958
153,0.9955727221263865,0.7692307692307694,0.0034464502618274493,16.0,12.0,2.0,3.446450261827449
154,1.001639728845886,0.8153846153846154,0.00037913223820058216,16.0,14.0,2.0,0.3791322382005822
155,0.9986486545384718,0.6964285714285713,0.003921190506879554,21.0,15.0,3.0,3.9211905068795536
156,0.9967086888456441,0.988235294117647,8.108881053980581e-13,19.0,16.0,3.0,8.108881053980581e-10
157,0.984861026171809,0.7527472527472527,0.0029822333891698486,16.0,13.0,4.0,2.9822333891698487
158,0.9749279736805642,0.5393939393939393,0.1075931877824148,11.0,10.0,3.0,107.5931877824148
159,1.0,1.0,0.0,17.0,13.0,2.0,0.0
160,1.0016226600353408,0.9857142857142854,1.92909487460678e-11,17.0,15.0,4.0,1.9290948746067798e-08
161,1.0053976453874802,0.9300699300699302,1.170222792865967e-05,18.0,12.0,4.0,0.011702227928659669
162,1.0,1.0,0.0,16.0,15.0,2.0,0.0
163,1.0174789619837967,0.9473684210526316,7.800829220458973e-10,25.0,19.0,2.0,7.800829220458973e-07
164,1.0036306488602518,0.9818181818181818,8.403066433955246e-08,13.0,11.0,3.0,8.403066433955245e-05
165,1.00051201755176,0.9912087912087912,6.540154944134387e-12,20.0,14.0,2.0,6.540154944134387e-09
166,1.0067553514786773,0.9393939393939393,5.484052998513666e-05,15.0,10.0,3.0,0.05484052998513666
167,0.9997308582721071,0.9725274725274725,2.6191330438273957e-08,19.0,13.0,3.0,2.6191330438273956e-05
168,1.0004787164758837,0.881818181818182,0.0003301688021839005,17.0,11.0,2.0,0.3301688021839005
169,1.013425766742054,0.6678571428571428,0.006509956694715437,20.0,15.0,4.0,6.509956694715437
170,1.015709735383165,0.2,0.49300373503999984,15.0,14.0,2.0,493.0037350399998
171,0.9896527049149654,0.5734265734265735,0.051265589786491435,16.0,12.0,4.0,51.26558978649143
172,1.0028943431501702,0.9835164835164836,1.611214573209521e-09,14.0,13.0,3.0,1.611214573209521e-06
173,1.0084388415144983,0.9855521155830752,9.124170334062525e-14,19.0,18.0,4.0,9.124170334062525e-11
174,1.0020793998014337,0.9735294117647059,2.276897655666222e-10,21.0,16.0,3.0,2.2768976556662218e-07
175,1.0010823258728099,0.9780219780219779,7.757814031393615e-09,20.0,13.0,2.0,7.757814031393615e-06
176,1.0049679355468486,0.987719298245614,3.79790243650229e-15,25.0,19.0,2.0,3.7979024365022905e-12
177,0.9850578057066461,0.7852941176470588,0.00031285391788601143,18.0,16.0,4.0,0.3128539178860114
178,1.0,1.0,0.0,17.0,14.0,2.0,0.0
179,1.0101344831464192,0.6607142857142856,0.007330569830891703,17.0,15.0,2.0,7.330569830891703
180,1.0190765219259097,0.8761609907120743,1.8727785396152314e-06,24.0,18.0,4.0,0.0018727785396152315
181,0.9985852339742551,0.8909090909090909,0.0005421442248338665,15.0,10.0,2.0,0.5421442248338665
182,0.9977607769856633,0.9151515151515152,0.0002044724061488323,13.0,10.0,4.0,0.20447240614883228
183,0.9989859059726044,0.990909090909091,3.762571807085399e-09,12.0,11.0,4.0,3.762571807085399e-06
184,1.001737706822641,0.7818181818181817,0.007547007781067878,14.0,10.0,4.0,7.547007781067878
185,1.0039257998452558,0.9642857142857141,7.072303009204256e-09,20.0,15.0,3.0,7.0723030092042555e-06
186,1.0012348618667966,0.9842105263157893,3.177817784867256e-14,21.0,19.0,4.0,3.1778177848672555e-11
187,1.0115600952194825,0.9515151515151514,2.279854920641689e-05,15.0,10.0,4.0,0.022798549206416892
188,0.9731680656366096,0.5636363636363637,0.07095173447637536,13.0,11.0,3.0,70.95173447637536
189,1.0019417512692215,0.9727272727272729,5.14217704904919e-07,12.0,11.0,2.0,0.000514217704904919
190,0.991422452604831,0.9615384615384615,1.631768081069998e-07,15.0,13.0,3.0,0.00016317680810699978
191,0.980853057263115,0.5272727272727273,0.09556521835315422,12.0,11.0,4.0,95.56521835315422
192,1.0006077933854203,0.9892857142857142,2.9989342571550623e-12,19.0,15.0,2.0,2.9989342571550625e-09
193,1.0014192373622088,0.9947368421052631,2.8973718112997517e-18,25.0,19.0,2.0,2.8973718112997517e-15
194,0.9959638210042959,0.9678571428571429,3.5965355409315713e-09,18.0,15.0,3.0,3.5965355409315715e-06
195,0.9989403113344633,0.9878787878787878,9.307459988955517e-08,13.0,10.0,3.0,9.307459988955517e-05
196,1.0003421708617946,0.9979360165118679,1.6451231715312417e-20,25.0,18.0,3.0,1.6451231715312417e-17
197,0.9982953831727941,0.9636363636363635,7.320974809529922e-06,14.0,10.0,3.0,0.0073209748095299215
198,1.003367803089814,0.9436274509803922,1.3377378706310767e-08,20.0,17.0,3.0,1.3377378706310768e-05
199,1.0,1.0,0.0,19.0,14.0,3.0,0.0
200,0.999541432131566,0.988235294117647,8.108881053980581e-13,21.0,16.0,4.0,8.108881053980581e-10
201,1.0,0.9999999999999999,6.646897422032013e-64,12.0,10.0,2.0,6.646897422032013e-61
202,1.0126380506797232,0.9757575757575757,1.4675461874042197e-06,15.0,10.0,2.0,0.0014675461874042197
203,0.9994966991844851,0.8259803921568629,4.407027914063439e-05,23.0,17.0,4.0,0.04407027914063439
204,1.0041784197406265,0.9422084623323013,5.214680253289597e-09,26.0,18.0,4.0,5.214680253289597e-06
205,1.0,0.9999999999999999,6.646897422032013e-64,13.0,10.0,2.0,6.646897422032013e-61
206,1.0123306632138356,0.48774509803921573,0.04702109699673036,26.0,17.0,3.0,47.021096996730364
207,1.0012686998272862,0.9928571428571428,2.1681214863293047e-13,17.0,15.0,2.0,2.1681214863293048e-10
208,1.0004973511261712,0.9941176470588234,6.4339974884469385e-15,24.0,16.0,2.0,6.4339974884469384e-12
209,1.0,1.0,0.0,16.0,14.0,2.0,0.0
210,1.0000557687548794,0.9964285714285712,2.4159793199703443e-15,23.0,15.0,2.0,2.4159793199703444e-12
211,0.999890265339708,0.9860139860139862,4.1168959116543284e-09,13.0,12.0,4.0,4.116895911654328e-06
212,0.997342597143486,0.9252747252747253,2.1365703496108153e-06,15.0,14.0,4.0,0.002136570349610815
213,0.9970620627561648,0.8431372549019609,2.1328100245193365e-05,18.0,17.0,4.0,0.021328100245193365
214,0.9455407649142309,0.5151515151515151,0.12755286970323423,12.0,10.0,3.0,127.55286970323424
215,0.9849392852583028,0.8424242424242423,0.002220031225916841,14.0,10.0,3.0,2.2200312259168413
216,1.0116978979888007,0.9264705882352942,2.5613970650477537e-07,20.0,16.0,4.0,0.0002561397065047754
217,0.9855717147654166,0.8909090909090909,0.0005421442248338665,13.0,10.0,3.0,0.5421442248338665
218,1.0083562448218597,0.9789473684210527,3.6006418847130656e-13,22.0,19.0,2.0,3.600641884713066e-10
219,1.0024233308607051,0.9794117647058824,3.982009789755264e-11,20.0,16.0,4.0,3.9820097897552636e-08
220,1.005374444119671,0.9711042311661506,2.2322196490619925e-11,19.0,18.0,3.0,2.2322196490619925e-08
221,1.0052760505530498,0.965034965034965,3.88098529962746e-07,17.0,12.0,2.0,0.000388098529962746
222,0.9968971305044544,0.9580419580419581,9.5435818268384e-07,13.0,12.0,4.0,0.00095435818268384
223,1.0059351546480364,0.988235294117647,8.108881053980581e-13,20.0,16.0,2.0,8.108881053980581e-10
224,1.0011042613993268,0.9878787878787878,9.307459988955517e-08,12.0,10.0,4.0,9.307459988955517e-05
225,0.9974212953074238,0.9032967032967033,9.558659401055547e-06,15.0,14.0,4.0,0.009558659401055547
226,0.9127240144048272,0.27272727272727276,0.41714143714253127,15.0,11.0,4.0,417.1414371425313
227,0.9865210495559789,0.9294117647058824,1.940118948103668e-07,17.0,16.0,4.0,0.00019401189481036682
228,1.0118458549312728,0.8921568627450982,1.4893515661379568e-06,19.0,17.0,4.0,0.001489351566137957
229,1.0238913132980059,0.4835164835164835,0.0941346925969393,16.0,13.0,4.0,94.13469259693929
230,1.009686729273252,0.9428571428571428,4.4409928509609024e-07,17.0,14.0,3.0,0.00044409928509609023
231,1.0039850472327243,0.982142857142857,8.15733350897873e-11,20.0,15.0,3.0,8.15733350897873e-08
232,0.9992773136665907,0.9735294117647059,2.276897655666222e-10,21.0,16.0,4.0,2.2768976556662218e-07
233,0.9962558760169486,0.9648351648351648,2.5304057544450237e-08,16.0,14.0,3.0,2.5304057544450237e-05
234,1.0021042437112282,0.7684210526315789,0.00012145768964752966,25.0,19.0,3.0,0.12145768964752966
235,1.008298111286009,0.7990196078431374,0.00011939706384386553,25.0,17.0,2.0,0.11939706384386553
236,1.0,1.0,0.0,14.0,12.0,2.0,0.0
237,1.0052227650530554,0.9385964912280702,2.8060642945152663e-09,27.0,19.0,4.0,2.8060642945152662e-06
238,0.9954497957194816,0.9604395604395607,5.081053892329076e-08,15.0,14.0,3.0,5.0810538923290756e-05
239,0.9980070472939357,0.7475490196078433,0.0005612381524319418,22.0,17.0,3.0,0.5612381524319418
240,1.0003136942945148,0.9877450980392157,1.6270834281737186e-13,23.0,17.0,2.0,1.6270834281737186e-10
241,1.0066612629491187,0.9249999999999998,7.987462113818468e-07,17.0,15.0,4.0,0.0007987462113818468
242,0.9982049411886221,0.7967032967032966,0.0011136526522685867,19.0,13.0,4.0,1.1136526522685868
243,1.0030726040961342,0.9868131868131869,7.379504109330886e-11,16.0,14.0,3.0,7.379504109330887e-08
244,1.0061347009198425,0.915376676986584,1.0113271116055492e-07,22.0,18.0,3.0,0.00010113271116055492
245,1.008202675023532,0.9628482972136224,1.62399434830459e-10,22.0,18.0,2.0,1.62399434830459e-07
246,1.0087044560783924,0.8928571428571428,7.4947360645682566e-06,20.0,15.0,4.0,0.007494736064568256
247,1.0083725145583176,0.9632352941176472,5.740995055041279e-10,20.0,17.0,3.0,5.740995055041279e-07
248,0.9964856796567642,0.990909090909091,3.762571807085399e-09,12.0,11.0,3.0,3.762571807085399e-06
249,1.0026238707989519,0.9803921568627453,5.40869606994842e-12,22.0,17.0,2.0,5.40869606994842e-09
250,1.0,1.0,0.0,13.0,12.0,2.0,0.0
251,1.0003827676983674,0.9947368421052631,2.8973718112997517e-18,29.0,19.0,2.0,2.8973718112997517e-15
252,1.0014087501175504,0.985294117647059,6.341615043472023e-13,25.0,17.0,2.0,6.341615043472023e-10
253,0.9860956860528137,0.8228070175438595,1.5232584971698892e-05,23.0,19.0,4.0,0.015232584971698892
254,1.0124082441273137,0.717234262125903,0.000807070648534508,22.0,18.0,4.0,0.807070648534508
255,1.0010197208622431,0.948529411764706,6.859595261700981e-09,21.0,17.0,4.0,6.859595261700981e-06
256,1.0054399914019583,0.9350877192982456,4.446148370750682e-09,20.0,19.0,3.0,4.446148370750682e-06
257,0.9966488252903487,0.9878787878787878,9.307459988955517e-08,15.0,10.0,3.0,9.307459988955517e-05
258,1.0204332621633903,0.5235294117647059,0.03741264813014936,23.0,16.0,3.0,37.412648130149364
259,0.9997839072111141,0.9912087912087912,6.540154944134387e-12,20.0,14.0,3.0,6.540154944134387e-09
260,1.005770284612773,0.9578947368421052,1.2135311926058017e-10,26.0,19.0,2.0,1.2135311926058015e-07
261,1.0017999993685585,0.975438596491228,1.3190643557743196e-12,22.0,19.0,4.0,1.3190643557743195e-09
262,0.9981743272766783,0.9818181818181818,8.403066433955246e-08,13.0,11.0,3.0,8.403066433955245e-05
263,1.0013921629393152,0.989010989010989,1.7507283021964818e-10,20.0,13.0,3.0,1.7507283021964818e-07
264,1.0027321815439911,0.9928571428571428,2.1681214863293047e-13,19.0,15.0,3.0,2.1681214863293048e-10
265,1.0004506128256085,0.9711042311661506,2.2322196490619925e-11,22.0,18.0,2.0,2.2322196490619925e-08
266,1.0005894097975387,0.9834881320949431,2.6382891204281573e-13,19.0,18.0,2.0,2.6382891204281575e-10
267,1.0212819437731564,0.7696078431372549,0.0003032101451624915,25.0,17.0,2.0,0.3032101451624915
268,0.9878300390621869,0.5272727272727272,0.11730806555020223,15.0,10.0,3.0,117.30806555020223
269,1.0000385804647256,0.9878787878787878,9.307459988955517e-08,12.0,10.0,2.0,9.307459988955517e-05
270,1.0017169933843952,0.9852941176470588,3.836719544768076e-12,17.0,16.0,2.0,3.836719544768076e-09
271,0.9977577629106918,0.6823529411764706,0.0035879704117567223,24.0,16.0,4.0,3.5879704117567224
272,0.992808266690463,0.9151515151515152,0.0002044724061488323,12.0,10.0,3.0,0.20447240614883228
273,1.0038824288794326,0.9692307692307693,1.1465229425475097e-08,18.0,14.0,2.0,1.1465229425475098e-05
274,1.0039796677099855,0.9529411764705882,1.2096579348829016e-08,17.0,16.0,4.0,1.2096579348829016e-05
275,1.0151741111669208,0.9571428571428571,2.2736751556259742e-08,21.0,15.0,3.0,2.273675155625974e-05
276,1.0009563523594427,0.9560439560439561,3.365097276351456e-07,17.0,13.0,4.0,0.0003365097276351456
277,1.0000095723111908,0.9964912280701754,9.285165080058482e-20,24.0,19.0,2.0,9.285165080058481e-17
278,1.0010425649788302,0.932142857142857,4.2412182315433434e-07,19.0,15.0,2.0,0.0004241218231543343
279,0.9989403438030229,0.8363636363636365,0.0013331850799508562,17.0,11.0,3.0,1.3331850799508562
280,1.0134724882358066,0.6264189886480908,0.005410032721793988,22.0,18.0,3.0,5.410032721793987
281,1.006061006444173,0.881818181818182,0.0003301688021839005,13.0,11.0,3.0,0.3301688021839005
282,1.0014228416634556,0.9725274725274725,2.6191330438273957e-08,15.0,13.0,4.0,2.6191330438273956e-05
283,0.9831875399062443,0.8368421052631579,7.945754181709547e-06,23.0,19.0,3.0,0.007945754181709546
284,1.0124191326372454,0.9035714285714285,3.880504128799775e-06,20.0,15.0,2.0,0.0038805041287997754
285,0.9995884056758481,0.9818181818181818,8.403066433955246e-08,16.0,11.0,2.0,8.403066433955245e-05
286,1.0001579967598384,0.9515151515151514,2.279854920641689e-05,13.0,10.0,3.0,0.022798549206416892
287,1.0081047878057525,0.7671568627450981,0.0003257216584351613,25.0,17.0,4.0,0.32572165843516127
288,1.0113677610343728,0.8846153846153846,5.9057452171910124e-05,16.0,13.0,2.0,0.05905745217191012
289,1.0038730207758393,0.9649122807017543,2.6387737136486036e-11,21.0,19.0,3.0,2.6387737136486035e-08
290,0.9963866477845502,0.8787878787878788,0.0008138621117322101,15.0,10.0,2.0,0.8138621117322101
291,1.003530890299907,0.9587203302373581,3.723709451215546e-10,25.0,18.0,2.0,3.723709451215546e-07
292,1.0027802857107666,0.9669762641898865,6.412439256727504e-11,25.0,18.0,4.0,6.412439256727504e-08
293,0.9961898839838125,0.8373626373626375,0.00018639737783200425,19.0,14.0,3.0,0.18639737783200425
294,1.013598554730428,0.8461538461538461,0.00013625614917754875,21.0,14.0,4.0,0.13625614917754875
295,1.0025385589192732,0.9892857142857142,2.9989342571550623e-12,17.0,15.0,2.0,2.9989342571550625e-09
296,1.0036429550112957,0.9803921568627453,5.40869606994842e-12,18.0,17.0,3.0,5.40869606994842e-09
297,1.0016015529869013,0.9824561403508772,7.735589908885873e-14,23.0,19.0,3.0,7.735589908885872e-11
298,0.9954284439229995,0.9790209790209792,3.0898013985487064e-08,13.0,12.0,4.0,3.0898013985487066e-05
299,1.0,1.0,0.0,13.0,12.0,2.0,0.0
300,0.9798479505208542,0.6703296703296703,0.012166220319952023,17.0,13.0,4.0,12.166220319952023
301,1.0009657855037752,0.9472527472527472,2.7738827125448025e-07,20.0,14.0,4.0,0.00027738827125448024
302,1.0011678318586452,0.9950980392156863,1.7220637266386493e-16,22.0,17.0,2.0,1.7220637266386493e-13
303,0.9992970094032779,0.6127450980392157,0.008919495078273144,26.0,17.0,3.0,8.919495078273144
304,1.0008619865938377,0.9181818181818183,6.661451941355563e-05,15.0,11.0,3.0,0.06661451941355563
305,0.9997506978125995,0.9917440660474718,1.0575341096645975e-15,25.0,18.0,4.0,1.0575341096645975e-12
306,1.004420492032906,0.9140350877192982,4.50061446114764e-08,23.0,19.0,4.0,4.50061446114764e-05
307,1.0029652165090084,0.8504901960784315,1.5217270129720005e-05,23.0,17.0,4.0,0.015217270129720005
308,1.001011481219639,0.9818181818181818,8.403066433955246e-08,15.0,11.0,3.0,8.403066433955245e-05
309,0.9998807917731762,0.5933952528379773,0.00943261527195847,26.0,18.0,4.0,9.43261527195847
310,1.012774961747226,0.8210526315789475,1.6458315542988976e-05,26.0,19.0,4.0,0.016458315542988974
311,1.000066650750958,0.9941176470588234,6.4339974884469385e-15,21.0,16.0,2.0,6.4339974884469384e-12
312,1.0,1.0,0.0,13.0,12.0,2.0,0.0
313,1.0008293286184153,0.9912280701754386,2.200851783163643e-16,24.0,19.0,3.0,2.200851783163643e-13
314,0.9996062048019615,0.9958720330237358,4.184524393267239e-18,27.0,18.0,3.0,4.184524393267239e-15
315,1.0068074609905928,0.9393939393939393,5.484052998513666e-05,14.0,10.0,2.0,0.05484052998513666
316,1.0121012214069793,0.8681318681318682,5.6798189086915105e-05,17.0,14.0,2.0,0.056798189086915106
317,1.0037062894035305,0.9785714285714284,2.64545601239875e-10,18.0,15.0,2.0,2.64545601239875e-07
318,1.0094623310565873,0.3216783216783217,0.30790987618065263,17.0,12.0,2.0,307.90987618065265
319,1.0066665871685647,0.9868131868131869,7.379504109330886e-11,16.0,14.0,3.0,7.379504109330887e-08
320,1.0022538812981256,0.9690402476780186,3.851406014182882e-11,26.0,18.0,2.0,3.851406014182882e-08
321,1.0010720195703953,0.9714285714285713,1.6870764886091287e-09,16.0,15.0,4.0,1.6870764886091287e-06
322,1.0072370078426802,0.7107142857142856,0.002978994886802742,22.0,15.0,3.0,2.978994886802742
323,1.0038577050737245,0.945054945054945,1.1239312789557584e-06,18.0,13.0,4.0,0.0011239312789557583
324,1.000949584141647,0.9857142857142854,1.92909487460678e-11,21.0,15.0,3.0,1.9290948746067798e-08
325,1.0008748970386236,0.985294117647059,6.341615043472023e-13,20.0,17.0,4.0,6.341615043472023e-10
326,1.0006187082603017,0.9950980392156863,1.7220637266386493e-16,23.0,17.0,2.0,1.7220637266386493e-13
327,1.0101435054759316,0.9690402476780186,3.851406014182882e-11,21.0,18.0,2.0,3.851406014182882e-08
328,1.0020606930829536,0.9035714285714285,3.880504128799775e-06,22.0,15.0,3.0,0.0038805041287997754
329,0.9193957915851637,0.07878787878787878,0.8287173946974606,14.0,10.0,4.0,828.7173946974607
330,1.0000011063083136,0.9731682146542827,1.2418823458351716e-11,26.0,18.0,2.0,1.2418823458351716e-08
331,0.9778978313580046,0.5989010989010989,0.030554114172937866,20.0,13.0,4.0,30.554114172937865
332,1.0009855541388855,0.9649122807017543,1.0347287642285863e-10,27.0,18.0,2.0,1.0347287642285864e-07
333,1.007053077704931,0.9509803921568628,4.79175684831834e-09,21.0,17.0,4.0,4.79175684831834e-06
334,0.9856358850014174,0.6175824175824175,0.018604674280708423,19.0,14.0,4.0,18.604674280708423
335,1.0000417155951902,0.9945054945054945,3.909411051466979e-12,15.0,13.0,2.0,3.909411051466979e-09
336,1.0030644379996574,0.9842105263157893,3.177817784867256e-14,27.0,19.0,2.0,3.1778177848672555e-11
337,0.9981946406109423,0.9340659340659341,1.0279787693084366e-06,19.0,14.0,4.0,0.0010279787693084365
338,1.0088303684055515,0.9818181818181818,8.403066433955246e-08,12.0,11.0,3.0,8.403066433955245e-05
339,1.0026293969253093,0.9823529411764707,1.3641238342610768e-11,21.0,16.0,2.0,1.3641238342610768e-08
340,0.9987944571931036,0.7727272727272727,0.005299487178643863,14.0,11.0,4.0,5.299487178643863
341,0.9991649523301372,0.8857142857142855,1.1199821851208484e-05,20.0,15.0,3.0,0.011199821851208484
342,1.0072182576437085,0.9120879120879121,1.3975552674444554e-05,16.0,13.0,2.0,0.013975552674444554
343,1.0021743349698473,0.7912280701754386,5.472940023200308e-05,28.0,19.0,4.0,0.05472940023200308
344,0.9949142430427681,0.9294117647058824,1.940118948103668e-07,19.0,16.0,4.0,0.00019401189481036682
345,1.0097703376244245,0.8626373626373626,0.00014744785947619764,19.0,13.0,3.0,0.14744785947619762
346,1.0013701299601594,0.9917440660474718,1.0575341096645975e-15,24.0,18.0,4.0,1.0575341096645975e-12
347,1.0038738498419824,0.9926470588235295,3.578273822703326e-15,23.0,17.0,3.0,3.578273822703326e-12
348,1.0,0.9999999999999999,6.646897422032013e-64,14.0,10.0,3.0,6.646897422032013e-61
349,1.0036276771590626,0.9730392156862747,5.76923067840225e-11,22.0,17.0,4.0,5.76923067840225e-08
350,0.9686543571552396,0.8181818181818182,0.0038149200825507135,12.0,10.0,4.0,3.8149200825507137
351,1.0136814522451978,0.9175824175824175,9.906225317564678e-06,14.0,13.0,2.0,0.009906225317564679
352,0.9908963582086745,0.5470588235294118,0.028301087242108842,23.0,16.0,4.0,28.301087242108842
353,1.0000210833479675,0.9964285714285712,2.4159793199703443e-15,21.0,15.0,2.0,2.4159793199703444e-12
354,1.0003280432249078,0.9958720330237358,4.184524393267239e-18,22.0,18.0,2.0,4.184524393267239e-15
355,1.0017148572951378,0.8791208791208791,7.54456235935913e-05,16.0,13.0,4.0,0.07544562359359129
356,1.0011502862678852,0.8602941176470589,9.427383759906555e-06,24.0,17.0,2.0,0.009427383759906555
357,1.005361462108408,0.9151515151515152,0.0002044724061488323,13.0,10.0,4.0,0.20447240614883228
358,1.0135003909127107,0.4535714285714285,0.08948590014302728,20.0,15.0,3.0,89.48590014302728
359,1.0000375575472424,0.9725274725274725,2.6191330438273957e-08,19.0,13.0,4.0,2.6191330438273956e-05
360,0.9919130970170684,0.8181818181818183,0.0011431050868040604,16.0,12.0,3.0,1.1431050868040604
361,0.9899493501745787,0.6713286713286714,0.016831456186893395,17.0,12.0,2.0,16.831456186893394
362,1.0151209488983983,0.0,1.0,16.0,11.0,2.0,1000.0
363,0.9814585703802714,0.7272727272727274,0.007355028857805126,13.0,12.0,3.0,7.355028857805126
364,1.014480912961556,0.9315789473684211,6.8716449563255465e-09,20.0,19.0,2.0,6.8716449563255465e-06
365,0.9996300916445926,0.6791208791208792,0.007562257031145479,16.0,14.0,3.0,7.562257031145479
366,1.0062531561133987,0.9596491228070174,8.502425115286678e-11,25.0,19.0,2.0,8.502425115286678e-08
367,0.987833470107877,0.3916083916083916,0.2080634636953532,17.0,12.0,4.0,208.0634636953532
368,1.0002062715644944,0.9945054945054945,3.909411051466979e-12,19.0,13.0,2.0,3.909411051466979e-09
369,1.001794482983185,0.9868131868131869,7.379504109330886e-11,15.0,14.0,4.0,7.379504109330887e-08
370,1.0062250591671016,0.9529411764705882,1.2096579348829016e-08,19.0,16.0,3.0,1.2096579348829016e-05
371,1.0253542616573557,0.6735294117647058,0.0042327392484605075,23.0,16.0,2.0,4.232739248460508
372,1.0069920705638982,0.8,3.9238561936082586e-05,27.0,19.0,3.0,0.039238561936082585
373,1.0037686905098366,0.9911764705882352,1.090829151044044e-13,24.0,16.0,3.0,1.090829151044044e-10
374,0.9991869791912872,0.8811188811188813,0.00015267406467669873,17.0,12.0,4.0,0.15267406467669872
375,1.007517008260768,0.7714285714285712,0.0007568751073803471,18.0,15.0,4.0,0.7568751073803471
376,1.0038738678359784,0.9580419580419581,9.5435818268384e-07,17.0,12.0,2.0,0.00095435818268384
377,1.007340462576134,0.28181818181818186,0.4011448979604785,12.0,11.0,4.0,401.1448979604785
378,1.0078463279652379,0.9735294117647059,2.276897655666222e-10,20.0,16.0,4.0,2.2768976556662218e-07
379,1.007580695227354,0.9440559440559443,3.9272610809659444e-06,17.0,12.0,4.0,0.0039272610809659445
380,1.007071159739922,0.9362745098039217,3.2834187890278755e-08,22.0,17.0,3.0,3.283418789027875e-05
381,1.002069812568425,0.9470588235294116,2.715731165956679e-08,22.0,16.0,2.0,2.715731165956679e-05
382,1.0039545337009863,0.977296181630547,3.3060534468874615e-12,22.0,18.0,3.0,3.3060534468874617e-09
383,0.9670780489874736,0.6,0.06668799999999996,14.0,10.0,3.0,66.68799999999996
384,1.0118372955924666,0.9029411764705882,1.677724370594156e-06,18.0,16.0,2.0,0.001677724370594156
385,1.005508760361152,0.9421052631578948,1.7223836464188943e-09,21.0,19.0,3.0,1.7223836464188944e-06
386,1.000724471482025,0.9272727272727275,3.973774256558543e-05,13.0,11.0,4.0,0.03973774256558543
387,1.0003131638875298,0.9705882352941176,4.723401127287032e-10,22.0,16.0,4.0,4.7234011272870323e-07
388,0.9829629551923046,0.8060606060606059,0.004862061101964606,11.0,10.0,4.0,4.862061101964606
389,0.9936199165925093,0.9,0.00015997142806871369,12.0,11.0,4.0,0.15997142806871367
390,1.0042404235874145,0.8186813186813187,0.0006209883849300375,17.0,13.0,4.0,0.6209883849300375
391,1.0,1.0,0.0,19.0,17.0,3.0,0.0
392,0.999935567029423,0.9780219780219779,7.757814031393615e-09,19.0,13.0,4.0,7.757814031393615e-06
393,1.0075457514186617,0.9370629370629372,6.99316495321054e-06,17.0,12.0,2.0,0.00699316495321054
394,0.9993892723248777,0.9945054945054945,3.909411051466979e-12,16.0,13.0,3.0,3.909411051466979e-09
395,1.0,1.0,0.0,19.0,13.0,2.0,0.0
396,1.004770331243105,0.982142857142857,8.15733350897873e-11,18.0,15.0,2.0,8.15733350897873e-08
397,0.9995473014083116,0.9852941176470588,3.836719544768076e-12,18.0,16.0,2.0,3.836719544768076e-09
398,1.0104452838202904,0.8391608391608393,0.0006428259886278202,16.0,12.0,2.0,0.6428259886278203
399,1.0007704393858772,0.990909090909091,3.762571807085399e-09,14.0,11.0,2.0,3.762571807085399e-06
400,1.0035700265641787,0.9835164835164836,1.611214573209521e-09,20.0,13.0,3.0,1.611214573209521e-06
401,1.0083257903617193,0.9298245614035088,2.3692560041968578e-08,24.0,18.0,3.0,2.3692560041968576e-05
402,1.00850443166444,0.9720279720279721,1.2868115751495013e-07,16.0,12.0,2.0,0.00012868115751495012
403,1.0,1.0,0.0,15.0,13.0,4.0,0.0
404,1.0031291635632749,0.9794117647058824,3.982009789755264e-11,18.0,16.0,3.0,3.9820097897552636e-08
405,1.002661631220204,0.9793601651186791,1.552323229912875e-12,23.0,18.0,3.0,1.552323229912875e-09
406,1.0023063951685405,0.987719298245614,3.79790243650229e-15,24.0,19.0,3.0,3.7979024365022905e-12
407,1.0014019477215903,0.976470588235294,1.0061504401171986e-10,23.0,16.0,2.0,1.0061504401171986e-07
408,0.9835939854194058,0.9736263736263736,4.5902787925115095e-09,19.0,14.0,3.0,4.59027879251151e-06
409,0.9996068495257466,0.8727272727272729,0.00045461505140964044,15.0,11.0,4.0,0.4546150514096404
410,1.0010436224135948,0.7107843137254903,0.001382391202690408,25.0,17.0,4.0,1.382391202690408
411,1.0,1.0,0.0,23.0,19.0,3.0,0.0
412,0.9980531563735514,0.8678571428571429,2.7518063955129248e-05,18.0,15.0,3.0,0.02751806395512925
413,0.995130835053714,0.9877450980392157,1.6270834281737186e-13,18.0,17.0,4.0,1.6270834281737186e-10
414,1.0162137796642299,0.9140350877192982,4.50061446114764e-08,23.0,19.0,3.0,4.50061446114764e-05
415,1.0,1.0,0.0,15.0,11.0,2.0,0.0
416,0.9949309417142516,0.9035714285714285,3.880504128799775e-06,19.0,15.0,4.0,0.0038805041287997754
417,1.0030635673870456,0.9280701754385964,1.0385054272333297e-08,25.0,19.0,4.0,1.0385054272333297e-05
418,1.0182990358831518,0.6181818181818182,0.042645569805326695,16.0,11.0,4.0,42.645569805326694
419,1.0002786694489088,0.9964912280701754,9.285165080058482e-20,20.0,19.0,2.0,9.285165080058481e-17
420,1.0007746858645348,0.9852941176470588,3.836719544768076e-12,17.0,16.0,3.0,3.836719544768076e-09
421,1.013604612290183,0.9181818181818183,6.661451941355563e-05,12.0,11.0,2.0,0.06661451941355563
422,1.007739030980341,0.982142857142857,8.15733350897873e-11,16.0,15.0,3.0,8.15733350897873e-08
423,1.015838522041005,0.7735294117647058,0.0004393556517117217,18.0,16.0,3.0,0.4393556517117217
424,1.004127683639069,0.9690402476780186,3.851406014182882e-11,20.0,18.0,2.0,3.851406014182882e-08
425,1.0002704496806378,0.9999999999999999,6.646897422032013e-64,13.0,10.0,2.0,6.646897422032013e-61
426,1.0074239058978223,0.9362745098039217,3.2834187890278755e-08,18.0,17.0,2.0,3.283418789027875e-05
427,1.000388213053669,0.9790209790209792,3.0898013985487064e-08,17.0,12.0,3.0,3.0898013985487066e-05
428,1.0008314961045388,0.9964912280701754,9.285165080058482e-20,25.0,19.0,3.0,9.285165080058481e-17
429,1.0039746238762703,0.9230769230769231,1.8621951098680987e-05,17.0,12.0,4.0,0.018621951098680988
430,1.0105544055104487,0.8929824561403509,2.691283351047668e-07,22.0,19.0,4.0,0.0002691283351047668
431,1.005168554582056,0.9648351648351648,2.5304057544450237e-08,17.0,14.0,3.0,2.5304057544450237e-05
432,1.000944053732408,0.9950980392156863,1.7220637266386493e-16,18.0,17.0,3.0,1.7220637266386493e-13
433,0.9908034392921437,0.9249999999999998,7.987462113818468e-07,23.0,15.0,4.0,0.0007987462113818468
434,1.0058715534829523,0.9649122807017543,2.6387737136486036e-11,26.0,19.0,2.0,2.6387737136486035e-08
435,0.9990610021298304,0.9731682146542827,1.2418823458351716e-11,22.0,18.0,4.0,1.2418823458351716e-08
436,0.9995069416808215,0.7212121212121211,0.018573155089460208,14.0,10.0,4.0,18.573155089460208
437,0.9994092333249918,0.9385964912280702,2.8060642945152663e-09,26.0,19.0,4.0,2.8060642945152662e-06
438,1.0023209048799593,0.9878787878787878,9.307459988955517e-08,14.0,10.0,3.0,9.307459988955517e-05
439,1.0007952819183166,0.9912087912087912,6.540154944134387e-12,21.0,14.0,2.0,6.540154944134387e-09
440,1.0026412140544674,0.9370629370629372,6.99316495321054e-06,14.0,12.0,2.0,0.00699316495321054
441,1.007000375597104,0.8864809081527348,9.65676574451126e-07,22.0,18.0,3.0,0.000965676574451126
442,0.984617311136581,0.9030303030303028,0.00034361219776328223,14.0,10.0,3.0,0.3436121977632822
443,1.0036235353545184,0.9911764705882352,1.090829151044044e-13,17.0,16.0,2.0,1.090829151044044e-10
444,0.9974945974196214,0.9676470588235294,9.132894807195552e-10,20.0,16.0,3.0,9.132894807195552e-07
445,1.0024797459925783,0.9516483516483516,1.661613698567939e-07,17.0,14.0,4.0,0.0001661613698567939
446,0.9991280819143501,0.8131868131868131,0.0007236077236996977,19.0,13.0,3.0,0.7236077236996977
447,0.9921800807429398,0.877450980392157,3.71678490515902e-06,25.0,17.0,4.0,0.00371678490515902
448,1.0001781431278303,0.9714285714285713,1.6870764886091287e-09,23.0,15.0,2.0,1.6870764886091287e-06
449,1.0009065461266118,0.8272727272727273,0.001676973896452378,15.0,11.0,4.0,1.6769738964523782
450,1.0016927571778693,0.6818181818181819,0.020842853610945056,12.0,11.0,2.0,20.842853610945056
451,0.9943830675121744,0.6882352941176471,0.0032039086143957423,23.0,16.0,4.0,3.2039086143957425
452,1.0022037336838587,0.7928571428571427,0.0004220771851923507,23.0,15.0,3.0,0.4220771851923507
453,1.0002031408355936,0.9505494505494506,6.363704773478595e-07,18.0,13.0,4.0,0.0006363704773478595
454,0.9991114936606734,0.9370629370629372,6.99316495321054e-06,16.0,12.0,2.0,0.00699316495321054
455,0.9969265352344843,0.9749999999999999,7.14370596522927e-10,21.0,15.0,3.0,7.143705965229271e-07
456,0.9898930445087186,0.9636363636363637,1.852039864070312e-06,13.0,11.0,4.0,0.001852039864070312
457,1.005368792823643,0.9720279720279721,1.2868115751495013e-07,13.0,12.0,2.0,0.00012868115751495012
458,1.0137575456388825,0.9298245614035087,8.470122190291055e-09,23.0,19.0,2.0,8.470122190291055e-06
459,0.9973051376128417,0.9235294117647058,3.3439000100406954e-07,21.0,16.0,4.0,0.00033439000100406955
460,1.0046089097259683,0.9780219780219779,7.757814031393615e-09,16.0,13.0,3.0,7.757814031393615e-06
461,1.006453954536726,0.985294117647059,6.341615043472023e-13,20.0,17.0,3.0,6.341615043472023e-10
462,1.002668069069708,0.9684210526315788,1.09055586677185e-11,22.0,19.0,4.0,1.0905558667718501e-08
463,1.012531553868129,0.9785714285714284,2.64545601239875e-10,20.0,15.0,2.0,2.64545601239875e-07
464,1.0028235526395863,0.9701754385964911,6.748959468606627e-12,28.0,19.0,2.0,6.748959468606627e-09
465,0.9943176211503306,0.7274725274725276,0.00319061631898815,19.0,14.0,3.0,3.19061631898815
466,1.0096850437118647,0.9428571428571427,1.4247676947645743e-07,20.0,15.0,3.0,0.00014247676947645743
467,0.9796692124368916,0.5727272727272729,0.06554305260101842,16.0,11.0,4.0,65.54305260101842
468,1.0,0.9999999999999999,6.646897422032013e-64,15.0,10.0,2.0,6.646897422032013e-61
469,1.0053922827783943,0.9636363636363637,1.852039864070312e-06,14.0,11.0,3.0,0.001852039864070312
470,1.0036571712866107,0.8945054945054945,1.579830848680049e-05,18.0,14.0,2.0,0.01579830848680049
471,1.0,0.9999999999999999,6.646897422032013e-64,15.0,10.0,2.0,6.646897422032013e-61
472,0.996924158024174,0.9571428571428571,2.2736751556259742e-08,17.0,15.0,2.0,2.273675155625974e-05
473,0.9995355898946306,0.8406593406593407,0.00031907124069371434,20.0,13.0,3.0,0.31907124069371434
474,1.0002577307977736,0.9789473684210527,3.6006418847130656e-13,23.0,19.0,3.0,3.600641884713066e-10
475,0.9703115427406086,0.7818181818181817,0.007547007781067878,15.0,10.0,4.0,7.547007781067878
476,1.0006412046681734,0.9560439560439561,3.365097276351456e-07,16.0,13.0,2.0,0.0003365097276351456
477,1.0023312690299762,0.9999999999999999,6.646897422032013e-64,15.0,10.0,3.0,6.646897422032013e-61
478,0.9949329139452229,0.7272727272727273,0.011204967253592057,17.0,11.0,3.0,11.204967253592057
479,1.0,1.0,0.0,13.0,11.0,4.0,0.0
480,0.9995109884789073,0.954592363261094,7.878415255888488e-10,23.0,18.0,4.0,7.878415255888488e-07
481,1.0228013572210026,0.7727272727272727,0.005299487178643863,13.0,11.0,3.0,5.299487178643863
482,1.015775354430526,0.8647058823529412,1.544234049652656e-05,24.0,16.0,2.0,0.015442340496526558
483,0.9940371209588376,0.9068627450980394,5.182872510350787e-07,22.0,17.0,4.0,0.0005182872510350787
484,0.9998638907273388,0.9300699300699302,1.170222792865967e-05,17.0,12.0,3.0,0.011702227928659669
485,0.9989487624210701,0.9272727272727275,3.973774256558543e-05,13.0,11.0,3.0,0.03973774256558543
486,1.0016887464382553,0.9824175824175824,4.1071830416421516e-10,19.0,14.0,3.0,4.107183041642152e-07
487,1.0044805247956479,0.9834881320949431,2.6382891204281573e-13,25.0,18.0,2.0,2.6382891204281575e-10
488,1.0004792637958386,0.9964285714285712,2.4159793199703443e-15,23.0,15.0,3.0,2.4159793199703444e-12
489,1.0009666535074941,0.9911764705882352,1.090829151044044e-13,17.0,16.0,2.0,1.090829151044044e-10
490,1.000360050191315,0.9912087912087912,6.540154944134387e-12,19.0,14.0,2.0,6.540154944134387e-09
491,1.0271216043145566,0.9160839160839163,2.8428045348547105e-05,16.0,12.0,3.0,0.028428045348547103
492,0.997959933839629,0.9757575757575757,1.4675461874042197e-06,12.0,10.0,2.0,0.0014675461874042197
493,1.0034238015607237,0.9823529411764707,1.3641238342610768e-11,17.0,16.0,3.0,1.3641238342610768e-08
494,1.0141491010534402,0.8823529411764706,1.2678715297879369e-06,21.0,18.0,3.0,0.0012678715297879369
495,1.0010607387728425,0.9860139860139862,4.1168959116543284e-09,17.0,12.0,2.0,4.116895911654328e-06
496,1.0122652102331273,0.8549450549450549,9.766040002967738e-05,18.0,14.0,4.0,0.09766040002967738
497,1.0039442479292613,0.948529411764706,6.859595261700981e-09,21.0,17.0,3.0,6.859595261700981e-06
498,1.0046622739383748,0.875,4.280115581127817e-06,24.0,17.0,4.0,0.004280115581127817
499,1.0053752978689954,0.9588235294117649,4.825540771378695e-09,22.0,16.0,4.0,4.825540771378695e-06
500,1.0042299177014944,0.9363636363636365,2.208207644917754e-05,16.0,11.0,2.0,0.02208207644917754
501,1.002011783063324,0.9945054945054945,3.909411051466979e-12,14.0,13.0,2.0,3.909411051466979e-09
502,0.9981840629466175,0.9720279720279721,1.2868115751495013e-07,14.0,12.0,4.0,0.00012868115751495012
503,1.0027225435685905,0.9730392156862747,5.76923067840225e-11,22.0,17.0,2.0,5.76923067840225e-08
504,1.0031725352031122,0.9780219780219779,7.757814031393615e-09,19.0,13.0,4.0,7.757814031393615e-06
505,1.0143803306767394,0.9878787878787878,9.307459988955517e-08,15.0,10.0,2.0,9.307459988955517e-05
506,0.9650814251122581,0.8909090909090909,0.0005421442248338665,14.0,10.0,4.0,0.5421442248338665
507,1.0076985740099975,0.9510489510489512,2.0384246324655723e-06,13.0,12.0,4.0,0.002038424632465572
508,0.9657968276532166,0.8363636363636365,0.0013331850799508562,17.0,11.0,3.0,1.3331850799508562
509,1.0006267820956343,0.9947368421052631,2.8973718112997517e-18,24.0,19.0,4.0,2.8973718112997517e-15
510,1.0001119759668549,0.9938080495356036,1.065568864594519e-16,22.0,18.0,4.0,1.065568864594519e-13
511,1.0139024913909134,0.457142857142857,0.08667812662416982,21.0,15.0,4.0,86.67812662416982
512,0.9948890042519973,0.7272727272727273,0.011204967253592057,14.0,11.0,3.0,11.204967253592057
513,1.0019421211176425,0.9794117647058824,3.982009789755264e-11,17.0,16.0,4.0,3.9820097897552636e-08
514,1.0282838478318328,0.532967032967033,0.06073650306561792,18.0,13.0,2.0,60.73650306561792
515,0.9925334618364628,0.8811188811188813,0.00015267406467669873,17.0,12.0,4.0,0.15267406467669872
516,0.9882386087564647,0.9164835164835166,4.084158819686066e-06,19.0,14.0,4.0,0.004084158819686066
517,1.0090525832328565,0.9535714285714283,3.792440041183125e-08,21.0,15.0,2.0,3.7924400411831246e-05
518,1.0130432070638298,0.9711042311661506,2.2322196490619925e-11,27.0,18.0,4.0,2.2322196490619925e-08
519,1.0,1.0,0.0,15.0,12.0,2.0,0.0
520,1.0054682221033469,0.9666666666666668,1.7165085324141367e-11,21.0,19.0,4.0,1.7165085324141366e-08
521,1.0004558247704993,0.717234262125903,0.000807070648534508,23.0,18.0,3.0,0.807070648534508
522,1.0022182128622945,0.9120879120879121,5.502099746344888e-06,19.0,14.0,3.0,0.005502099746344888
523,1.0084853271722294,0.7054945054945055,0.004819557979048519,18.0,14.0,3.0,4.819557979048519
524,0.9943678868735412,0.9065934065934067,1.9296152005272254e-05,20.0,13.0,4.0,0.019296152005272255
525,1.0046304351345372,0.9029411764705882,1.677724370594156e-06,17.0,16.0,2.0,0.001677724370594156
526,1.000649131848356,0.8787878787878788,0.0008138621117322101,12.0,10.0,3.0,0.8138621117322101
527,1.0077464958133562,0.9370629370629372,6.99316495321054e-06,13.0,12.0,3.0,0.00699316495321054
528,1.0,1.0,0.0,20.0,14.0,2.0,0.0
529,0.9930153659023496,0.9181818181818183,6.661451941355563e-05,13.0,11.0,3.0,0.06661451941355563
530,1.0006310030498757,0.9411764705882353,1.8275574906300595e-08,23.0,17.0,4.0,1.8275574906300595e-05
531,1.002040048940577,0.6483516483516483,0.016536698804267252,20.0,13.0,3.0,16.536698804267253
532,1.0061044263985925,0.6857142857142856,0.004772245222691258,17.0,15.0,3.0,4.772245222691258
533,1.0014055943324487,0.9428571428571428,4.4409928509609024e-07,16.0,14.0,4.0,0.00044409928509609023
534,1.0027690833559215,0.9678571428571429,3.5965355409315713e-09,22.0,15.0,2.0,3.5965355409315715e-06
535,0.9991488991513652,0.9508771929824561,4.392139960503325e-10,20.0,19.0,4.0,4.3921399605033246e-07
536,1.0023923614177854,0.9393939393939393,5.484052998513666e-05,15.0,10.0,4.0,0.05484052998513666
537,0.9900448812229592,0.932142857142857,4.2412182315433434e-07,16.0,15.0,4.0,0.0004241218231543343
538,1.002406111667958,0.982843137254902,2.000914024116428e-12,19.0,17.0,2.0,2.000914024116428e-09
539,1.0110310209309066,0.9147058823529413,7.011802190203186e-07,21.0,16.0,3.0,0.0007011802190203186
540,1.0279562892977956,0.6894736842105263,0.0010913833347078765,24.0,19.0,3.0,1.0913833347078765
541,1.0002520099387233,0.9393939393939393,5.484052998513666e-05,12.0,10.0,4.0,0.05484052998513666
542,1.0028742535569828,0.9901960784313727,3.07362545045533e-14,20.0,17.0,2.0,3.07362545045533e-11
543,1.0001779198651255,0.9956043956043955,1.0315953358848785e-13,15.0,14.0,3.0,1.0315953358848785e-10
544,0.9966949517405613,0.9440559440559443,3.9272610809659444e-06,14.0,12.0,4.0,0.0039272610809659445
545,1.0004128701230035,0.954592363261094,7.878415255888488e-10,25.0,18.0,4.0,7.878415255888488e-07
546,1.004448829440206,0.9510489510489512,2.0384246324655723e-06,17.0,12.0,2.0,0.002038424632465572
547,1.0,0.9999999999999999,6.646897422032013e-64,11.0,10.0,2.0,6.646897422032013e-61
548,1.0104465097917101,0.9249999999999998,7.987462113818468e-07,18.0,15.0,2.0,0.0007987462113818468
549,1.0101377434874483,0.7758241758241758,0.0011084786677787379,18.0,14.0,2.0,1.108478667778738
550,1.0016958696962053,0.8909090909090911,0.00023345817037873163,16.0,11.0,3.0,0.23345817037873162
551,1.0,0.9999999999999999,6.646897422032013e-64,14.0,10.0,3.0,6.646897422032013e-61
552,1.0103824055931696,0.9892857142857142,2.9989342571550623e-12,16.0,15.0,2.0,2.9989342571550625e-09
553,1.0017065319952532,0.9999999999999999,6.646897422032013e-64,14.0,10.0,2.0,6.646897422032013e-61
554,0.9952820371012705,0.9285714285714285,4.607427269933694e-06,19.0,13.0,4.0,0.004607427269933693
555,1.0021468485173355,0.9912087912087912,6.540154944134387e-12,16.0,14.0,4.0,6.540154944134387e-09
556,0.9999867116394537,0.9076923076923077,7.3017039968523426e-06,17.0,14.0,3.0,0.0073017039968523425
557,1.0002269750157797,0.9979360165118679,1.6451231715312417e-20,21.0,18.0,2.0,1.6451231715312417e-17
558,1.002135004021104,0.9508771929824561,4.392139960503325e-10,26.0,19.0,3.0,4.3921399605033246e-07
559,1.0063253505169718,0.9543859649122807,2.3676715217439657e-10,27.0,19.0,2.0,2.3676715217439658e-07
560,1.000146369624637,0.9964285714285712,2.4159793199703443e-15,16.0,15.0,2.0,2.4159793199703444e-12
561,0.9818892479364164,0.5296703296703297,0.05141659813787076,16.0,14.0,4.0,51.41659813787076
562,1.0014101655390268,0.9636363636363635,7.320974809529922e-06,12.0,10.0,2.0,0.0073209748095299215
563,1.020997360462948,0.3406593406593406,0.23331605103682404,18.0,14.0,3.0,233.31605103682404
564,0.9750853042332539,0.7972027972027973,0.0019003677255282703,15.0,12.0,2.0,1.9003677255282703
565,1.0170271835161848,0.6456140350877193,0.002830188983053137,23.0,19.0,4.0,2.8301889830531373
566,1.0012673099900855,0.9956043956043955,1.0315953358848785e-13,21.0,14.0,2.0,1.0315953358848785e-10
567,1.0095921035796562,0.8039215686274511,0.0001007394030010668,22.0,17.0,4.0,0.1007394030010668
568,1.0151900687304347,0.977296181630547,3.3060534468874615e-12,25.0,18.0,2.0,3.3060534468874617e-09
569,1.0000011320879922,0.9970588235294118,5.0655883449921147e-17,23.0,16.0,2.0,5.065588344992115e-14
570,1.0013434860811974,0.9868131868131869,7.379504109330886e-11,18.0,14.0,2.0,7.379504109330887e-08
571,1.0002134576142385,0.9911764705882352,1.090829151044044e-13,19.0,16.0,4.0,1.090829151044044e-10
572,1.003054769644633,0.9385964912280702,2.8060642945152663e-09,25.0,19.0,2.0,2.8060642945152662e-06
573,1.0050973798197527,0.9256965944272446,3.6936283769727216e-08,25.0,18.0,3.0,3.693628376972722e-05
574,1.0085700701165219,0.8637362637362638,6.846377605646043e-05,15.0,14.0,3.0,0.06846377605646042
575,0.9989165849201557,0.9878787878787878,9.307459988955517e-08,11.0,10.0,2.0,9.307459988955517e-05
576,1.0018702679269955,0.95,6.08625795805396e-08,17.0,15.0,3.0,6.08625795805396e-05
577,0.9878351276650132,0.7582417582417583,0.0016730034070264247,21.0,14.0,4.0,1.6730034070264246
578,1.0055690571901994,0.988235294117647,8.108881053980581e-13,22.0,16.0,2.0,8.108881053980581e-10
579,1.0156162914027433,0.9160839160839163,2.8428045348547105e-05,18.0,12.0,3.0,0.028428045348547103
580,1.000896446297056,0.9958720330237358,4.184524393267239e-18,19.0,18.0,2.0,4.184524393267239e-15
581,1.0022808645061947,0.975438596491228,1.3190643557743196e-12,23.0,19.0,2.0,1.3190643557743195e-09
582,1.0,1.0,0.0,13.0,12.0,4.0,0.0
583,1.0040131147278828,0.8014705882352942,0.00010973533817172502,23.0,17.0,2.0,0.10973533817172501
584,0.9962964196748773,0.8555211558307534,6.005632918162668e-06,20.0,18.0,4.0,0.006005632918162669
585,0.9942227101056403,0.9558823529411765,2.2056479022281597e-09,19.0,17.0,3.0,2.2056479022281598e-06
586,0.9990090703819886,0.8642857142857141,3.243373143346797e-05,16.0,15.0,2.0,0.03243373143346797
587,0.9964910607810796,0.7529411764705882,0.0007610810731946071,23.0,16.0,4.0,0.761081073194607
588,1.0034112585254855,0.956140350877193,1.706643162009303e-10,23.0,19.0,3.0,1.706643162009303e-07
589,1.0016205599096493,0.9210526315789472,2.2361332893791837e-08,27.0,19.0,3.0,2.2361332893791836e-05
590,1.0007932411209195,0.990909090909091,3.762571807085399e-09,14.0,11.0,2.0,3.762571807085399e-06
591,1.0063199505349925,0.9859649122807018,1.1746402861484317e-14,21.0,19.0,4.0,1.1746402861484316e-11
592,1.0038773835597468,0.9543859649122807,2.3676715217439657e-10,22.0,19.0,2.0,2.3676715217439658e-07
593,1.0048333262541822,0.8749999999999999,1.9522613815941147e-05,16.0,15.0,3.0,0.019522613815941146
594,1.0027736894477657,0.8964285714285712,6.066143021729969e-06,21.0,15.0,4.0,0.006066143021729969
595,0.9952644683399929,0.7823529411764706,0.00034122076396497244,18.0,16.0,3.0,0.3412207639649724
596,1.0059745692267055,0.6758241758241759,0.011225245577668611,15.0,13.0,2.0,11.22524557766861
597,1.0046576534408065,0.8390092879256965,1.3512662470958448e-05,27.0,18.0,3.0,0.013512662470958448
598,0.999364260569904,0.9878787878787878,9.307459988955517e-08,11.0,10.0,3.0,9.307459988955517e-05
599,1.0077714439291758,0.8601398601398602,0.0003316683391269209,17.0,12.0,4.0,0.3316683391269209
600,0.9980424977333333,0.9647058823529412,1.6662077463303436e-09,23.0,16.0,3.0,1.6662077463303437e-06
601,1.007998044382555,0.6535714285714285,0.008230371463638973,19.0,15.0,4.0,8.230371463638972
602,0.9977499909869406,0.8666666666666665,0.0011735381801554687,15.0,10.0,2.0,1.1735381801554687
603,1.000167205130398,0.9878787878787878,9.307459988955517e-08,15.0,10.0,2.0,9.307459988955517e-05
604,1.004056266312292,0.9648351648351648,2.5304057544450237e-08,18.0,14.0,2.0,2.5304057544450237e-05
605,0.9752731183661334,0.8455882352941178,1.90947257374294e-05,20.0,17.0,4.0,0.019094725737429402
606,0.9941576240985336,0.9280701754385964,1.0385054272333297e-08,25.0,19.0,4.0,1.0385054272333297e-05
607,1.0139842611453058,0.28181818181818186,0.4011448979604785,14.0,11.0,3.0,401.1448979604785
608,0.9947708307226067,0.9178571428571428,1.4176968515006258e-06,16.0,15.0,4.0,0.0014176968515006258
609,1.0,1.0,0.0,14.0,12.0,2.0,0.0
610,0.9986586019668349,0.9757575757575757,1.4675461874042197e-06,11.0,10.0,4.0,0.0014675461874042197
611,1.0132887179879637,0.7607142857142856,0.0009911286119823719,23.0,15.0,3.0,0.9911286119823719
612,0.9984002277734559,0.9878787878787878,9.307459988955517e-08,15.0,10.0,3.0,9.307459988955517e-05
613,1.0000676488749356,0.9945054945054945,3.909411051466979e-12,14.0,13.0,3.0,3.909411051466979e-09
614,1.0060028480190903,0.9588235294117649,4.825540771378695e-09,24.0,16.0,3.0,4.825540771378695e-06
615,1.0056489602577692,0.9545454545454546,4.988898739949763e-06,15.0,11.0,2.0,0.004988898739949763
616,0.9986239433441212,0.7421052631578948,0.000274876396140867,26.0,19.0,4.0,0.27487639614086695
617,1.0049724397683664,0.9384615384615385,6.86120148176667e-07,16.0,14.0,3.0,0.000686120148176667
618,0.9999103342682037,0.9878787878787878,9.307459988955517e-08,11.0,10.0,4.0,9.307459988955517e-05
619,1.0000024881073162,0.7794117647058825,0.00022569855648436904,24.0,17.0,4.0,0.22569855648436904
620,1.0046711820869025,0.8060606060606059,0.004862061101964606,15.0,10.0,4.0,4.862061101964606
621,1.0077677802680367,0.9065934065934067,1.9296152005272254e-05,15.0,13.0,4.0,0.019296152005272255
622,1.0,1.0,0.0,27.0,18.0,2.0,0.0
623,1.0084710000341512,0.9720279720279721,1.2868115751495013e-07,13.0,12.0,4.0,0.00012868115751495012
624,1.0007234255237976,0.9515151515151514,2.279854920641689e-05,12.0,10.0,3.0,0.022798549206416892
625,1.0,1.0,0.0,18.0,12.0,2.0,0.0
626,1.0000794458065516,0.9930069930069931,1.3016730560634403e-10,16.0,12.0,2.0,1.3016730560634403e-07
627,1.0020243962137487,0.9878787878787878,9.307459988955517e-08,14.0,10.0,2.0,9.307459988955517e-05
628,1.0014186167355394,0.9892857142857142,2.9989342571550623e-12,19.0,15.0,4.0,2.9989342571550625e-09
629,0.9889169738148764,0.9252747252747253,2.1365703496108153e-06,17.0,14.0,4.0,0.002136570349610815
630,0.9991786591444606,0.9604395604395607,5.081053892329076e-08,19.0,14.0,4.0,5.0810538923290756e-05
631,1.0004896815151698,0.9929824561403509,3.322159835845131e-17,22.0,19.0,3.0,3.322159835845131e-14
632,0.9961173368627672,0.9648351648351648,2.5304057544450237e-08,16.0,14.0,4.0,2.5304057544450237e-05
633,1.0009224620112225,0.8857142857142855,1.1199821851208484e-05,22.0,15.0,4.0,0.011199821851208484
634,1.0107689424245698,0.95,1.8346172668588278e-08,17.0,16.0,4.0,1.8346172668588276e-05
635,1.0014297742227494,0.956043956043956,9.469782144566512e-08,21.0,14.0,2.0,9.469782144566512e-05
636,1.0010033672910343,0.9958720330237358,4.184524393267239e-18,20.0,18.0,3.0,4.184524393267239e-15
637,1.0010883081754915,0.9824175824175824,4.1071830416421516e-10,15.0,14.0,3.0,4.107183041642152e-07
638,0.9881621131664772,0.7428571428571428,0.00150948887823503,22.0,15.0,4.0,1.50948887823503
639,0.9934965380258581,0.7622377622377624,0.003950448972542651,16.0,12.0,4.0,3.950448972542651
640,1.0046497880165524,0.6318681318681317,0.020516042572872463,19.0,13.0,2.0,20.516042572872465
641,0.9959254277817206,0.9515151515151514,2.279854920641689e-05,12.0,10.0,4.0,0.022798549206416892
642,1.005252313330049,0.9333333333333333,5.543728746092589e-09,27.0,19.0,3.0,5.543728746092589e-06
643,1.0026094475435436,0.9428571428571427,1.4247676947645743e-07,17.0,15.0,4.0,0.00014247676947645743
644,1.0006052922724924,0.9941176470588234,6.4339974884469385e-15,22.0,16.0,2.0,6.4339974884469384e-12
645,1.0034294749527706,0.8681318681318682,0.00011910255980042727,15.0,13.0,2.0,0.11910255980042728
646,1.0000981360850818,0.9945054945054945,3.909411051466979e-12,15.0,13.0,3.0,3.909411051466979e-09
647,1.0060755617532002,0.8508771929824561,3.889959117183733e-06,27.0,19.0,3.0,0.0038899591171837333
648,1.001532722402756,0.9705882352941176,4.723401127287032e-10,20.0,16.0,4.0,4.7234011272870323e-07
649,1.0000601594874445,0.9441176470588234,3.933929195107234e-08,24.0,16.0,4.0,3.933929195107234e-05
650,1.0057000733325578,0.5439560439560439,0.05464653454086549,14.0,13.0,3.0,54.64653454086549
651,1.008722900207018,0.8111888111888113,0.0013633152527271922,15.0,12.0,2.0,1.3633152527271921
652,1.0053553917459692,0.9731682146542827,1.2418823458351716e-11,24.0,18.0,3.0,1.2418823458351716e-08
653,0.9990538874809456,0.9454545454545454,1.118303770149319e-05,17.0,11.0,4.0,0.01118303770149319
654,1.0121623217376332,0.6848484848484848,0.02888279750673276,12.0,10.0,3.0,28.88279750673276
655,0.9957850195502088,0.9878787878787878,9.307459988955517e-08,15.0,10.0,4.0,9.307459988955517e-05
656,0.9980264419699088,0.7637362637362637,0.002376614797908445,20.0,13.0,3.0,2.376614797908445
657,0.933553271408988,0.5151515151515151,0.12755286970323423,12.0,10.0,4.0,127.55286970323424
658,1.0102648499128866,0.9236326109391124,4.568456687421577e-08,24.0,18.0,3.0,4.568456687421577e-05
659,1.005048407467086,0.9588235294117649,4.825540771378695e-09,20.0,16.0,3.0,4.825540771378695e-06
660,1.0038400395780784,0.9692307692307693,1.1465229425475097e-08,20.0,14.0,3.0,1.1465229425475098e-05
661,1.0004347678870955,0.954592363261094,7.878415255888488e-10,22.0,18.0,2.0,7.878415255888488e-07
662,1.000016491419393,0.9956043956043955,1.0315953358848785e-13,21.0,14.0,2.0,1.0315953358848785e-10
663,1.010292508979248,0.9068627450980394,5.182872510350787e-07,18.0,17.0,4.0,0.0005182872510350787
664,1.003352478739882,0.976470588235294,1.0061504401171986e-10,23.0,16.0,2.0,1.0061504401171986e-07
665,1.002330153657751,0.8897058823529412,1.7498572958917092e-06,25.0,17.0,4.0,0.0017498572958917092
666,1.0000109420616412,0.9878787878787878,9.307459988955517e-08,13.0,10.0,2.0,9.307459988955517e-05
667,1.0060486359366552,0.9681372549019608,1.9909901926022065e-10,19.0,17.0,3.0,1.9909901926022066e-07
668,1.0,0.9999999999999999,6.646897422032013e-64,12.0,10.0,2.0,6.646897422032013e-61
669,1.0019007587340398,0.9727272727272729,5.14217704904919e-07,14.0,11.0,2.0,0.000514217704904919
670,1.0000089447029583,0.9878787878787878,9.307459988955517e-08,11.0,10.0,3.0,9.307459988955517e-05
671,0.9966546176274754,0.5164835164835165,0.05863716344127844,21.0,14.0,3.0,58.637163441278446
672,1.0037198589217458,0.9272727272727272,0.00011203450639397582,14.0,10.0,2.0,0.11203450639397582
673,1.0040597989647433,0.7857142857142856,0.0005164547475705882,18.0,15.0,4.0,0.5164547475705882
674,0.9973217919082644,0.945054945054945,1.1239312789557584e-06,15.0,13.0,2.0,0.0011239312789557583
675,1.0049362034631384,0.9757575757575757,1.4675461874042197e-06,13.0,10.0,4.0,0.0014675461874042197
676,1.008204713581081,0.6373626373626374,0.0191181137774633,17.0,13.0,3.0,19.1181137774633
677,1.0071064397141005,0.9752321981424149,6.588737187082592e-12,21.0,18.0,2.0,6.588737187082592e-09
678,1.001301648675654,0.9032967032967033,9.558659401055547e-06,17.0,14.0,4.0,0.009558659401055547
679,1.0000843105410302,0.9930069930069931,1.3016730560634403e-10,16.0,12.0,2.0,1.3016730560634403e-07
680,1.0000935545669354,0.9964285714285712,2.4159793199703443e-15,19.0,15.0,4.0,2.4159793199703444e-12
681,1.001483306619127,0.8968008255933952,4.658861480045656e-07,23.0,18.0,4.0,0.0004658861480045656
682,1.0026756800550667,0.9878787878787878,9.307459988955517e-08,13.0,10.0,3.0,9.307459988955517e-05
683,0.9929662615707012,0.9363636363636365,2.208207644917754e-05,15.0,11.0,4.0,0.02208207644917754
684,0.9912690399625114,0.9090909090909092,4.1910446530342335e-05,16.0,12.0,4.0,0.041910446530342337
685,1.0006280093809228,0.9535714285714283,3.792440041183125e-08,23.0,15.0,3.0,3.7924400411831246e-05
686,0.9986680082215827,0.8736263736263737,9.5288972903705e-05,17.0,13.0,3.0,0.095288972903705
687,1.0053234298814242,0.8872549019607844,2.04831077698762e-06,19.0,17.0,2.0,0.0020483107769876203
688,1.0012137946622426,0.5594405594405596,0.05858947538856762,15.0,12.0,2.0,58.58947538856762
689,1.0036510749176102,0.9835164835164836,1.611214573209521e-09,16.0,13.0,3.0,1.611214573209521e-06
690,1.0117604503429536,0.5780219780219781,0.030383014145236965,21.0,14.0,3.0,30.383014145236963
691,1.009696648087674,0.9835164835164836,1.611214573209521e-09,15.0,13.0,2.0,1.611214573209521e-06
692,1.0094328952448062,0.9422084623323013,5.214680253289597e-09,22.0,18.0,4.0,5.214680253289597e-06
693,0.9893563341411062,0.881818181818182,0.0003301688021839005,14.0,11.0,4.0,0.3301688021839005
694,1.0089952585940043,0.8894736842105263,3.497015717376129e-07,27.0,19.0,3.0,0.00034970157173761293
695,0.9647060436487362,0.7249999999999999,0.0022270323137542148,22.0,15.0,4.0,2.227032313754215
696,0.9941224202273039,0.8163054695562436,3.598441737777743e-05,23.0,18.0,3.0,0.035984417377777425
697,1.001339741282043,0.989010989010989,1.7507283021964818e-10,14.0,13.0,2.0,1.7507283021964818e-07
698,0.9956615285871914,0.87203302373581,2.4017641453772196e-06,23.0,18.0,4.0,0.0024017641453772196
699,0.9940314410919157,0.9090909090909091,0.00010559337630360869,15.0,11.0,3.0,0.1055933763036087
700,1.0193308703211934,0.9230769230769231,1.8621951098680987e-05,17.0,12.0,4.0,0.018621951098680988
701,0.999154402101672,0.989010989010989,1.7507283021964818e-10,14.0,13.0,2.0,1.7507283021964818e-07
702,1.0072675562780649,0.6403508771929824,0.003142474005112738,28.0,19.0,3.0,3.1424740051127382
703,1.004083701234406,0.9632352941176472,5.740995055041279e-10,23.0,17.0,2.0,5.740995055041279e-07
704,0.9926179645745274,0.8601398601398602,0.0003316683391269209,17.0,12.0,4.0,0.3316683391269209
705,1.0072655628797043,0.9318885448916409,1.8782879349938028e-08,27.0,18.0,2.0,1.8782879349938027e-05
706,1.0062106909489,0.6785714285714285,0.005416550219591705,16.0,15.0,3.0,5.416550219591705
707,1.0012672480399383,0.8964285714285712,6.066143021729969e-06,23.0,15.0,3.0,0.006066143021729969
708,0.9316354882018341,0.7575757575757575,0.011143446799694208,11.0,10.0,4.0,11.143446799694209
709,1.0108760802486223,0.8811188811188813,0.00015267406467669873,17.0,12.0,2.0,0.15267406467669872
710,0.9996247205438028,0.9727272727272729,5.14217704904919e-07,16.0,11.0,3.0,0.000514217704904919
711,1.0005503817940784,0.9970588235294118,5.0655883449921147e-17,21.0,16.0,2.0,5.065588344992115e-14
712,1.0064184212566687,0.9876160990712075,2.6756127071349497e-14,21.0,18.0,2.0,2.6756127071349498e-11
713,0.9778571804744558,-0.06666666666666665,0.8548130882487426,15.0,10.0,3.0,854.8130882487426
714,1.0005621966701184,0.8204334365325078,3.0420805277771525e-05,26.0,18.0,4.0,0.030420805277771523
715,1.002390980133707,0.9917440660474718,1.0575341096645975e-15,26.0,18.0,2.0,1.0575341096645975e-12
716,1.0,0.9999999999999999,6.646897422032013e-64,11.0,10.0,2.0,6.646897422032013e-61
717,1.0027005078207778,0.9803921568627453,5.40869606994842e-12,22.0,17.0,2.0,5.40869606994842e-09
718,0.9994467016282049,0.9151515151515152,0.0002044724061488323,13.0,10.0,4.0,0.20447240614883228
719,1.0200675345619856,0.9515151515151514,2.279854920641689e-05,11.0,10.0,3.0,0.022798549206416892
720,0.9993637712703128,0.9440559440559443,3.9272610809659444e-06,17.0,12.0,3.0,0.0039272610809659445
721,0.9542392551030323,0.9285714285714285,4.607427269933694e-06,15.0,13.0,4.0,0.004607427269933693
722,1.0028479219877386,0.9752321981424149,6.588737187082592e-12,23.0,18.0,4.0,6.588737187082592e-09
723,1.000724237597545,0.48901098901098894,0.08991308230865638,18.0,13.0,4.0,89.91308230865639
724,1.001965317053729,0.9684210526315788,1.09055586677185e-11,24.0,19.0,4.0,1.0905558667718501e-08
725,1.0014343141147726,0.9636363636363635,7.320974809529922e-06,14.0,10.0,2.0,0.0073209748095299215
726,0.9897293807903116,0.9277605779153767,2.9679222772500766e-08,19.0,18.0,3.0,2.9679222772500765e-05
727,1.0118744549136869,0.6363636363636364,0.03528698122006228,12.0,11.0,2.0,35.28698122006228
728,1.002095729763845,0.8602941176470589,9.427383759906555e-06,20.0,17.0,4.0,0.009427383759906555
729,1.0024504424217036,0.967032967032967,7.064113887175154e-08,17.0,13.0,4.0,7.064113887175154e-05
730,1.0,1.0,0.0,13.0,12.0,2.0,0.0
731,1.0012390010399117,0.6000000000000001,0.05100326070695074,12.0,11.0,4.0,51.00326070695074
732,0.9997264863225721,0.9780219780219779,7.757814031393615e-09,17.0,13.0,4.0,7.757814031393615e-06
733,1.0057677394550033,0.8109890109890111,0.000432210064907679,21.0,14.0,2.0,0.432210064907679
734,0.9962192213673986,0.6573426573426573,0.020185498509854096,15.0,12.0,2.0,20.185498509854096
735,1.0040278226507267,0.65,0.006415706521175285,18.0,16.0,3.0,6.415706521175285
736,1.0008617816868919,0.9926470588235295,3.578273822703326e-15,24.0,17.0,2.0,3.578273822703326e-12
737,1.0118031372510208,0.7696969696969697,0.009221952722215994,12.0,10.0,3.0,9.221952722215994
738,1.015857445347197,0.9436274509803922,1.3377378706310767e-08,20.0,17.0,3.0,1.3377378706310768e-05
739,1.0007545826180142,0.9878787878787878,9.307459988955517e-08,14.0,10.0,2.0,9.307459988955517e-05
740,1.0061921991912979,0.9245614035087718,1.537993346223211e-08,27.0,19.0,4.0,1.5379933462232112e-05
741,1.0006981308459542,0.9912087912087912,6.540154944134387e-12,18.0,14.0,2.0,6.540154944134387e-09
742,1.001091770301027,0.9941176470588234,6.4339974884469385e-15,19.0,16.0,2.0,6.4339974884469384e-12
743,1.0025878061101017,0.9970588235294118,5.0655883449921147e-17,24.0,16.0,2.0,5.065588344992115e-14
744,1.0024314266799008,0.9860139860139862,4.1168959116543284e-09,15.0,12.0,3.0,4.116895911654328e-06
745,1.002200853407895,0.9852941176470588,3.836719544768076e-12,17.0,16.0,2.0,3.836719544768076e-09
746,1.0062941699504238,0.9736263736263736,4.5902787925115095e-09,18.0,14.0,2.0,4.59027879251151e-06
747,1.0219743960035177,0.8021978021978022,0.0005563056127922433,20.0,14.0,4.0,0.5563056127922432
748,1.0080193395350714,0.990909090909091,3.762571807085399e-09,12.0,11.0,2.0,3.762571807085399e-06
749,1.0003302637595952,0.7529411764705882,0.0007610810731946071,21.0,16.0,3.0,0.761081073194607
750,1.0015272452554644,0.933952528379773,1.4781482308613607e-08,22.0,18.0,4.0,1.4781482308613606e-05
751,1.0091002224146417,0.9705882352941176,4.723401127287032e-10,17.0,16.0,2.0,4.7234011272870323e-07
752,1.0027029402021395,0.9859649122807018,1.1746402861484317e-14,22.0,19.0,4.0,1.1746402861484316e-11
753,1.0003019045355463,0.9950980392156863,1.7220637266386493e-16,21.0,17.0,3.0,1.7220637266386493e-13
754,1.0012822880416754,0.9264705882352942,2.5613970650477537e-07,18.0,16.0,3.0,0.0002561397065047754
755,1.008448125129107,0.9151515151515152,0.0002044724061488323,15.0,10.0,2.0,0.20447240614883228
756,1.0108791111070774,0.9264705882352943,9.329882323638335e-08,26.0,17.0,3.0,9.329882323638335e-05
757,1.0047198962926247,0.8410732714138286,1.2271367358194706e-05,19.0,18.0,2.0,0.012271367358194707
758,0.9999887730481314,0.9636363636363635,7.320974809529922e-06,13.0,10.0,2.0,0.0073209748095299215
759,0.9933414971168192,0.8811188811188813,0.00015267406467669873,16.0,12.0,4.0,0.15267406467669872
760,0.9925974783009082,0.9090909090909091,0.00010559337630360869,16.0,11.0,3.0,0.1055933763036087
761,1.0,1.0,0.0,19.0,13.0,2.0,0.0
762,1.001762481296085,0.987719298245614,3.79790243650229e-15,21.0,19.0,4.0,3.7979024365022905e-12
763,1.00554405423463,0.9230769230769231,1.8621951098680987e-05,15.0,12.0,3.0,0.018621951098680988
764,1.011010535234742,0.06293706293706294,0.8459309212287789,18.0,12.0,2.0,845.9309212287789
765,1.0019078907279162,0.9705882352941178,1.1001306700206495e-10,22.0,17.0,3.0,1.1001306700206495e-07
766,1.0007431242040452,0.9956043956043955,1.0315953358848785e-13,21.0,14.0,2.0,1.0315953358848785e-10
767,0.9980582643969008,0.8813186813186813,3.109511008397839e-05,18.0,14.0,4.0,0.031095110083978392
768,1.0019736819909515,0.980701754385965,1.728841404624303e-13,24.0,19.0,2.0,1.728841404624303e-10
769,0.9996585017640661,0.9857142857142854,1.92909487460678e-11,19.0,15.0,3.0,1.9290948746067798e-08
770,1.006038821588176,0.8596491228070176,4.827997425048475e-06,27.0,18.0,4.0,0.004827997425048475
771,1.0025368604545333,0.9705882352941178,1.1001306700206495e-10,20.0,17.0,2.0,1.1001306700206495e-07
772,1.0,1.0,0.0,21.0,16.0,3.0,0.0
773,1.00424673048776,0.9647058823529412,1.6662077463303436e-09,22.0,16.0,4.0,1.6662077463303437e-06
774,0.9826650856023695,0.8454545454545455,0.0010451821458586869,13.0,11.0,3.0,1.045182145858687
775,1.0213601895662612,0.8681318681318682,5.6798189086915105e-05,18.0,14.0,3.0,0.056798189086915106
776,1.010163123424648,0.954592363261094,7.878415255888488e-10,20.0,18.0,4.0,7.878415255888488e-07
777,1.0020165877159062,0.9912087912087912,6.540154944134387e-12,18.0,14.0,3.0,6.540154944134387e-09
778,1.0006699565838955,0.9979360165118679,1.6451231715312417e-20,25.0,18.0,2.0,1.6451231715312417e-17
779,1.0,1.0,0.0,15.0,11.0,3.0,0.0
780,1.0035357087888768,0.988235294117647,8.108881053980581e-13,18.0,16.0,3.0,8.108881053980581e-10
781,0.9996559285462521,0.9607142857142855,1.3027489790343413e-08,16.0,15.0,4.0,1.3027489790343412e-05
782,0.9998216771347992,0.9401444788441692,6.859458095524686e-09,27.0,18.0,4.0,6.8594580955246855e-06
783,1.000615498015284,0.9964912280701754,9.285165080058482e-20,21.0,19.0,3.0,9.285165080058481e-17
784,0.9946329980794467,0.6153846153846153,0.02516711655189929,19.0,13.0,4.0,25.16711655189929
785,1.0001896892239857,0.9929824561403509,3.322159835845131e-17,28.0,19.0,2.0,3.322159835845131e-14
786,1.0037831169542342,0.956043956043956,9.469782144566512e-08,18.0,14.0,4.0,9.469782144566512e-05
787,1.0009830566267834,0.5727272727272729,0.06554305260101842,16.0,11.0,3.0,65.54305260101842
788,1.0106108665211704,0.9285714285714285,4.607427269933694e-06,17.0,13.0,2.0,0.004607427269933693
789,1.003408234536197,0.78328173374613,0.00012076451611540745,20.0,18.0,3.0,0.12076451611540745
790,1.000959524234745,0.9636363636363637,1.852039864070312e-06,13.0,11.0,3.0,0.001852039864070312
791,0.9969933122633967,0.6713286713286714,0.016831456186893395,16.0,12.0,2.0,16.831456186893394
792,1.0058540847013784,0.9357142857142854,3.010645621400815e-07,23.0,15.0,2.0,0.00030106456214008153
793,0.9992576060996213,0.9824175824175824,4.1071830416421516e-10,19.0,14.0,4.0,4.107183041642152e-07
794,1.0070609426581967,0.8951048951048951,8.36658642909172e-05,16.0,12.0,2.0,0.0836658642909172
795,1.0003165834901988,0.9958720330237358,4.184524393267239e-18,24.0,18.0,4.0,4.184524393267239e-15
796,1.002852805082795,0.981424148606811,6.725639702470495e-13,19.0,18.0,2.0,6.725639702470495e-10
797,0.9985532107207397,0.7181372549019608,0.001167042444328288,21.0,17.0,4.0,1.167042444328288
798,0.9755393396616008,0.8787878787878788,0.0008138621117322101,15.0,10.0,3.0,0.8138621117322101
799,0.978120752410861,0.48901098901098894,0.08991308230865638,18.0,13.0,3.0,89.91308230865639
800,1.0066867048517687,0.7758241758241758,0.0011084786677787379,20.0,14.0,4.0,1.108478667778738
801,1.0014509266500449,0.9926470588235295,3.578273822703326e-15,25.0,17.0,3.0,3.578273822703326e-12
802,1.0079896304992886,0.6923076923076923,0.006071048749990052,19.0,14.0,3.0,6.071048749990052
803,1.026257393290648,0.7230392156862746,0.00103947461159762,20.0,17.0,4.0,1.0394746115976201
804,1.0,1.0,0.0,17.0,14.0,4.0,0.0
805,1.0068915511954233,0.9122807017543859,5.3112736359678667e-08,26.0,19.0,4.0,5.3112736359678666e-05
806,0.9707613672039438,0.5636363636363636,0.08972402831709125,13.0,10.0,4.0,89.72402831709125
807,1.0040881790068032,0.9252747252747253,2.1365703496108153e-06,19.0,14.0,2.0,0.002136570349610815
808,1.0019319505143085,0.9705882352941176,4.723401127287032e-10,24.0,16.0,4.0,4.7234011272870323e-07
809,1.0010371612465232,0.9956043956043955,1.0315953358848785e-13,15.0,14.0,2.0,1.0315953358848785e-10
810,0.9811975743525541,0.8909090909090909,0.0005421442248338665,11.0,10.0,4.0,0.5421442248338665
811,1.0053007482026672,0.976470588235294,1.0061504401171986e-10,19.0,16.0,3.0,1.0061504401171986e-07
812,1.0068097343210916,0.894736842105263,5.422110534660314e-07,25.0,18.0,3.0,0.0005422110534660314
813,0.9999908597060946,0.9929824561403509,3.322159835845131e-17,21.0,19.0,3.0,3.322159835845131e-14
814,0.9645251218838828,0.6181818181818182,0.042645569805326695,15.0,11.0,4.0,42.645569805326694
815,1.0014770398006285,0.9545454545454546,4.988898739949763e-06,16.0,11.0,4.0,0.004988898739949763
816,1.0005247836711304,0.9912087912087912,6.540154944134387e-12,19.0,14.0,2.0,6.540154944134387e-09
817,1.0047127010023145,0.8545454545454544,0.0016368033159867143,12.0,10.0,2.0,1.6368033159867144
818,0.9962157120398346,0.901098901098901,2.613862202954826e-05,18.0,13.0,4.0,0.02613862202954826
819,0.9956486299533172,0.7582417582417583,0.0026660786121372876,16.0,13.0,3.0,2.6660786121372877
820,1.0007068305737439,0.9901960784313727,3.07362545045533e-14,21.0,17.0,2.0,3.07362545045533e-11
821,0.9848278390533194,0.7482517482517484,0.005124081698753058,18.0,12.0,4.0,5.1240816987530575
822,1.0183089215481287,0.7132867132867133,0.009201779777634755,15.0,12.0,4.0,9.201779777634755
823,1.0010472666811587,0.9607843137254902,2.4865670345238e-10,26.0,18.0,4.0,2.4865670345238003e-07
824,0.9702339855947176,0.8351648351648352,0.0003802080801851202,15.0,13.0,4.0,0.3802080801851202
825,1.006196473389009,0.8970588235294119,1.0662246540443239e-06,25.0,17.0,4.0,0.0010662246540443239
826,1.0003083499277767,0.990909090909091,3.762571807085399e-09,16.0,11.0,2.0,3.762571807085399e-06
827,1.0,1.0,0.0,19.0,18.0,2.0,0.0
828,1.0022567165806657,0.9580419580419581,9.5435818268384e-07,18.0,12.0,3.0,0.00095435818268384
829,1.018336639693154,0.9736263736263736,4.5902787925115095e-09,21.0,14.0,4.0,4.59027879251151e-06
830,1.0028022517198494,0.9676470588235294,9.132894807195552e-10,17.0,16.0,3.0,9.132894807195552e-07
831,1.0,1.0,0.0,14.0,12.0,2.0,0.0
832,1.0005838103046902,0.9636363636363637,1.852039864070312e-06,15.0,11.0,3.0,0.001852039864070312
833,0.9850294067841524,0.7575757575757575,0.011143446799694208,13.0,10.0,2.0,11.143446799694209
834,1.0066593314788805,0.7264705882352941,0.0014361826350785247,20.0,16.0,3.0,1.4361826350785247
835,1.0060254091783174,0.9868131868131869,7.379504109330886e-11,15.0,14.0,2.0,7.379504109330887e-08
836,1.0005260582763587,0.9958720330237358,4.184524393267239e-18,23.0,18.0,2.0,4.184524393267239e-15
837,1.0005560587586058,0.990909090909091,3.762571807085399e-09,15.0,11.0,2.0,3.762571807085399e-06
838,1.0034008944453154,0.8181818181818183,0.0011431050868040604,17.0,12.0,3.0,1.1431050868040604
839,1.0070211180106252,0.9780219780219779,7.757814031393615e-09,16.0,13.0,2.0,7.757814031393615e-06
840,1.031404460970041,0.9228070175438597,1.858577545665478e-08,25.0,19.0,2.0,1.858577545665478e-05
841,1.0000072143378491,0.9930069930069931,1.3016730560634403e-10,17.0,12.0,2.0,1.3016730560634403e-07
842,1.0018485688888272,0.9945054945054945,3.909411051466979e-12,16.0,13.0,3.0,3.909411051466979e-09
843,1.0000585534872488,0.988235294117647,8.108881053980581e-13,18.0,16.0,2.0,8.108881053980581e-10
844,0.9999367190482127,0.8178571428571428,0.0001951365470631984,21.0,15.0,2.0,0.19513654706319838
845,1.0011906462511848,0.9964285714285712,2.4159793199703443e-15,17.0,15.0,2.0,2.4159793199703444e-12
846,0.9777111866873427,0.5,0.08186423116569437,15.0,13.0,4.0,81.86423116569438
847,0.9979243811773252,0.8285714285714285,0.000250534270865576,17.0,14.0,3.0,0.250534270865576
848,0.9842208990380904,0.7696969696969697,0.009221952722215994,14.0,10.0,4.0,9.221952722215994
849,1.0070723278263547,0.8391608391608393,0.0006428259886278202,13.0,12.0,2.0,0.6428259886278203
850,1.0121627065319558,0.7181818181818183,0.01279959806885844,13.0,11.0,3.0,12.79959806885844
851,1.0,1.0,0.0,19.0,15.0,3.0,0.0
852,1.0,1.0,0.0,16.0,11.0,2.0,0.0
853,1.0063599584263896,0.9256965944272446,3.6936283769727216e-08,21.0,18.0,3.0,3.693628376972722e-05
854,1.0003832343884744,0.967032967032967,7.064113887175154e-08,14.0,13.0,4.0,7.064113887175154e-05
855,1.0,1.0,0.0,16.0,14.0,2.0,0.0
856,0.9981499783795247,0.9615384615384615,1.631768081069998e-07,14.0,13.0,4.0,0.00016317680810699978
857,1.0056043613031633,0.9701754385964911,6.748959468606627e-12,27.0,19.0,4.0,6.748959468606627e-09
858,1.00277705056844,0.8787878787878788,0.0008138621117322101,14.0,10.0,4.0,0.8138621117322101
859,1.0,1.0,0.0,27.0,18.0,3.0,0.0
860,1.0106147183271426,0.9272727272727272,0.00011203450639397582,11.0,10.0,2.0,0.11203450639397582
861,1.014416749315803,0.8700980392156864,5.627451606306429e-06,19.0,17.0,2.0,0.005627451606306429
862,0.9869845221929457,0.8666666666666665,0.0011735381801554687,11.0,10.0,4.0,1.1735381801554687
863,0.9973146283989651,0.9298245614035087,8.470122190291055e-09,20.0,19.0,4.0,8.470122190291055e-06
864,1.0074253982603822,0.8017543859649122,3.664141350706946e-05,25.0,19.0,4.0,0.03664141350706946
865,0.9987472567181455,0.9835164835164836,1.611214573209521e-09,17.0,13.0,3.0,1.611214573209521e-06
866,1.0008948411723089,0.9912280701754386,2.200851783163643e-16,26.0,19.0,4.0,2.200851783163643e-13
867,1.0157516928495969,0.7142857142857143,0.00410440916188023,16.0,14.0,4.0,4.1044091618802305
868,1.0010479025775385,0.9442724458204333,3.923997205495091e-09,25.0,18.0,4.0,3.923997205495091e-06
869,0.9829983919895091,0.9515151515151514,2.279854920641689e-05,14.0,10.0,3.0,0.022798549206416892
870,1.001638641053461,0.83859649122807,7.293998331953686e-06,27.0,19.0,4.0,0.007293998331953686
871,0.9854889832575311,0.8041958041958043,0.001614768986069931,17.0,12.0,4.0,1.614768986069931
872,0.9989677153843411,0.9725274725274725,2.6191330438273957e-08,15.0,13.0,3.0,2.6191330438273956e-05
873,0.9995639590158232,0.9842105263157893,3.177817784867256e-14,22.0,19.0,3.0,3.1778177848672555e-11
874,1.0002871770708512,0.9945054945054945,3.909411051466979e-12,15.0,13.0,2.0,3.909411051466979e-09
875,1.0050928908026104,0.9505494505494506,6.363704773478595e-07,17.0,13.0,2.0,0.0006363704773478595
876,1.0086600628067044,0.8109890109890111,0.000432210064907679,18.0,14.0,2.0,0.432210064907679
877,1.017927426918165,0.5560439560439561,0.038943650418660554,17.0,14.0,4.0,38.94365041866055
878,1.0053341556655062,0.967032967032967,7.064113887175154e-08,16.0,13.0,3.0,7.064113887175154e-05
879,1.0034876229040006,0.9779411764705883,1.2991459842008768e-11,19.0,17.0,2.0,1.2991459842008767e-08
880,1.0000542791051839,0.9428571428571428,4.4409928509609024e-07,15.0,14.0,4.0,0.00044409928509609023
881,1.0048629847093697,0.7802197802197802,0.0009944938002309496,16.0,14.0,4.0,0.9944938002309496
882,0.9922966508371719,0.5034965034965035,0.09515736659412469,18.0,12.0,4.0,95.15736659412468
883,1.0156577131068592,0.7456140350877193,0.0002479007969023676,28.0,19.0,2.0,0.2479007969023676
884,0.9979568347572312,0.9105263157894736,6.24664266313421e-08,27.0,19.0,4.0,6.24664266313421e-05
885,1.013823454001541,0.9892857142857142,2.9989342571550623e-12,17.0,15.0,3.0,2.9989342571550625e-09
886,1.0013573159563716,0.8181818181818183,0.0011431050868040604,17.0,12.0,4.0,1.1431050868040604
887,0.9981330556633701,0.901098901098901,2.613862202954826e-05,16.0,13.0,3.0,0.02613862202954826
888,1.0035056508942097,0.9515151515151514,2.279854920641689e-05,11.0,10.0,2.0,0.022798549206416892
889,0.9985025471877911,0.9230769230769231,6.851685949643363e-06,19.0,13.0,4.0,0.006851685949643363
890,1.027327105834977,0.9454545454545454,1.118303770149319e-05,14.0,11.0,3.0,0.01118303770149319
891,0.999097470593253,0.7303921568627452,0.0008698653219673867,21.0,17.0,4.0,0.8698653219673868
892,1.0007435417594623,0.8995098039215688,8.964818375507006e-07,25.0,17.0,2.0,0.0008964818375507005
893,1.0104306704587658,0.9730392156862747,5.76923067840225e-11,18.0,17.0,3.0,5.76923067840225e-08
894,0.9971060144537741,0.9214285714285713,1.0713172981620745e-06,16.0,15.0,3.0,0.0010713172981620745
895,0.9984917017576844,0.9615384615384615,1.631768081069998e-07,15.0,13.0,3.0,0.00016317680810699978
896,1.0027313454142162,0.9534313725490198,3.2849947662852607e-09,25.0,17.0,3.0,3.2849947662852605e-06
897,1.0,1.0,0.0,14.0,11.0,2.0,0.0
898,0.9966546294849032,0.8508771929824561,3.889959117183733e-06,22.0,19.0,4.0,0.0038899591171837333
899,1.0012063629909342,0.9384615384615385,6.86120148176667e-07,19.0,14.0,3.0,0.000686120148176667
900,0.9995652201197914,0.9964912280701754,9.285165080058482e-20,22.0,19.0,3.0,9.285165080058481e-17
901,0.9986376994519555,0.9720279720279721,1.2868115751495013e-07,17.0,12.0,4.0,0.00012868115751495012
902,0.9959823558697756,0.9360165118679051,1.1541884991435716e-08,21.0,18.0,4.0,1.1541884991435715e-05
903,1.0010393301238862,0.9912280701754386,2.200851783163643e-16,24.0,19.0,4.0,2.200851783163643e-13
904,1.0049353804064682,0.9823529411764707,1.3641238342610768e-11,19.0,16.0,4.0,1.3641238342610768e-08
905,1.0055500399575594,0.982142857142857,8.15733350897873e-11,21.0,15.0,4.0,8.15733350897873e-08
906,0.9968857639444825,0.5499999999999999,0.033655357815007086,21.0,15.0,3.0,33.655357815007086
907,1.007999916141376,0.9181818181818183,6.661451941355563e-05,16.0,11.0,3.0,0.06661451941355563
908,0.9969418708005571,0.9160839160839163,2.8428045348547105e-05,17.0,12.0,3.0,0.028428045348547103
909,1.0006284301576622,0.9941176470588234,6.4339974884469385e-15,24.0,16.0,3.0,6.4339974884469384e-12
910,1.0021050036052614,0.9793601651186791,1.552323229912875e-12,27.0,18.0,3.0,1.552323229912875e-09
911,1.0081791869265726,0.956043956043956,9.469782144566512e-08,15.0,14.0,3.0,9.469782144566512e-05
912,1.002506439435315,0.9727272727272729,5.14217704904919e-07,14.0,11.0,3.0,0.000514217704904919
913,1.0265323744998947,0.8857142857142855,1.1199821851208484e-05,20.0,15.0,4.0,0.011199821851208484
914,0.9950024895909214,0.8491228070175438,4.269691764351799e-06,25.0,19.0,3.0,0.004269691764351799
915,1.006970401391523,0.9164835164835166,4.084158819686066e-06,20.0,14.0,2.0,0.004084158819686066
916,1.0063616291065811,0.9210526315789472,2.2361332893791837e-08,21.0,19.0,3.0,2.2361332893791836e-05
917,1.0022163592693283,0.9757575757575757,1.4675461874042197e-06,12.0,10.0,2.0,0.0014675461874042197
918,1.0027030280154425,0.9505494505494506,6.363704773478595e-07,18.0,13.0,2.0,0.0006363704773478595
919,0.9991119336895303,0.9930069930069931,1.3016730560634403e-10,14.0,12.0,2.0,1.3016730560634403e-07
920,1.0022445871755687,0.9892857142857142,2.9989342571550623e-12,17.0,15.0,2.0,2.9989342571550625e-09
921,1.0014134087909536,0.9230769230769231,1.8621951098680987e-05,17.0,12.0,4.0,0.018621951098680988
922,0.9991847459362128,0.982142857142857,8.15733350897873e-11,21.0,15.0,4.0,8.15733350897873e-08
923,1.0013432102245385,0.9929824561403509,3.322159835845131e-17,22.0,19.0,3.0,3.322159835845131e-14
924,0.968613766133746,0.8725274725274725,4.680621207250762e-05,18.0,14.0,4.0,0.04680621207250762
925,1.0006206549505856,0.9938080495356036,1.065568864594519e-16,19.0,18.0,4.0,1.065568864594519e-13
926,0.9980384522187828,0.9636363636363637,1.852039864070312e-06,13.0,11.0,4.0,0.001852039864070312
927,1.0013103231302891,0.9705882352941178,1.1001306700206495e-10,20.0,17.0,4.0,1.1001306700206495e-07
928,1.0012788703530258,0.9736263736263736,4.5902787925115095e-09,16.0,14.0,3.0,4.59027879251151e-06
929,1.0024452071734036,0.8575851393188855,5.389259946741498e-06,19.0,18.0,2.0,0.005389259946741498
930,1.0023255124807533,0.9868131868131869,7.379504109330886e-11,18.0,14.0,2.0,7.379504109330887e-08
931,1.0004476833677742,0.9545454545454546,4.988898739949763e-06,15.0,11.0,2.0,0.004988898739949763
932,0.9810587221329711,0.8241758241758241,0.0005302228375973583,17.0,13.0,3.0,0.5302228375973583
933,0.9984830470387684,0.9878787878787878,9.307459988955517e-08,13.0,10.0,4.0,9.307459988955517e-05
934,1.000785409118719,0.9982456140350877,2.579846712328762e-22,26.0,19.0,3.0,2.579846712328762e-19
935,1.0015258883501554,0.9835164835164836,1.611214573209521e-09,20.0,13.0,2.0,1.611214573209521e-06
936,0.999520708017312,0.9442724458204333,3.923997205495091e-09,25.0,18.0,4.0,3.923997205495091e-06
937,1.0016534084773145,0.9917440660474718,1.0575341096645975e-15,24.0,18.0,3.0,1.0575341096645975e-12
938,1.0075525488789883,0.6029411764705882,0.013424125397891343,24.0,16.0,4.0,13.424125397891343
939,1.001114800183255,0.9878787878787878,9.307459988955517e-08,12.0,10.0,2.0,9.307459988955517e-05
940,0.9915532271077953,0.7321428571428571,0.0019129636009785611,22.0,15.0,3.0,1.912963600978561
941,0.9984848306456312,0.9393939393939393,5.484052998513666e-05,14.0,10.0,3.0,0.05484052998513666
942,1.0024987590294816,0.977296181630547,3.3060534468874615e-12,25.0,18.0,2.0,3.3060534468874617e-09
943,1.0000125095169925,0.9930069930069931,1.3016730560634403e-10,14.0,12.0,3.0,1.3016730560634403e-07
944,1.0000616047271484,0.9950980392156863,1.7220637266386493e-16,18.0,17.0,3.0,1.7220637266386493e-13
945,1.0027965566539294,0.9690402476780186,3.851406014182882e-11,19.0,18.0,3.0,3.851406014182882e-08
946,1.0030884412390402,0.7491228070175439,0.0002232066243504944,28.0,19.0,3.0,0.2232066243504944
947,1.002646950169434,0.9917440660474718,1.0575341096645975e-15,22.0,18.0,3.0,1.0575341096645975e-12
948,0.9932634372739727,0.8951048951048951,8.36658642909172e-05,13.0,12.0,3.0,0.0836658642909172
949,0.970204986607671,0.3636363636363637,0.2452650007307772,15.0,12.0,4.0,245.2650007307772
950,0.9894851822126705,0.7090909090909092,0.014552051953727704,17.0,11.0,3.0,14.552051953727704
951,1.0081707184905662,0.8284313725490197,3.992311055905374e-05,21.0,17.0,2.0,0.03992311055905374
952,1.0068974808361337,0.9228070175438597,1.858577545665478e-08,20.0,19.0,4.0,1.858577545665478e-05
953,1.0,0.9999999999999999,6.646897422032013e-64,14.0,10.0,2.0,6.646897422032013e-61
954,1.0022344935641252,0.9894736842105263,1.0305395814380572e-15,25.0,19.0,3.0,1.030539581438057e-12
955,1.0000448997172842,0.8787878787878788,0.0008138621117322101,11.0,10.0,2.0,0.8138621117322101
956,1.008848602408157,0.9363636363636365,2.208207644917754e-05,13.0,11.0,2.0,0.02208207644917754
957,1.0028540734034606,0.7058823529411764,0.002245900601051328,23.0,16.0,4.0,2.245900601051328
958,1.00097356132994,0.9604395604395607,5.081053892329076e-08,15.0,14.0,2.0,5.0810538923290756e-05
959,1.020881970495237,0.7857142857142857,0.0014541896038438224,19.0,13.0,4.0,1.4541896038438225
960,1.0140759905555805,0.85,3.0522600677849796e-05,23.0,16.0,2.0,0.030522600677849798
961,1.0019254366770527,0.9835164835164836,1.611214573209521e-09,16.0,13.0,2.0,1.611214573209521e-06
962,1.008261300478814,0.8921568627450982,1.4893515661379568e-06,23.0,17.0,2.0,0.001489351566137957
963,0.9901760098777159,0.3939393939393939,0.25999776683488757,12.0,10.0,3.0,259.99776683488756
964,1.0063020999230423,0.9473684210526316,7.800829220458973e-10,21.0,19.0,4.0,7.800829220458973e-07
965,0.9976392695274049,0.961764705882353,2.895080134041856e-09,20.0,16.0,3.0,2.8950801340418563e-06
966,1.0001956506731677,0.9780219780219781,1.5519632991187649e-09,17.0,14.0,3.0,1.551963299118765e-06
967,1.0,1.0,0.0,19.0,16.0,3.0,0.0
968,1.0067583366224824,0.9411764705882352,5.588937633072717e-08,18.0,16.0,4.0,5.588937633072717e-05
969,1.0048687749776941,0.9294117647058824,1.940118948103668e-07,24.0,16.0,3.0,0.00019401189481036682
970,0.9706502758139534,0.8181818181818182,0.0020831448404786904,12.0,11.0,4.0,2.0831448404786905
971,1.0031285550628306,0.9642857142857141,7.072303009204256e-09,19.0,15.0,2.0,7.0723030092042555e-06
972,1.0060503700035754,0.9393939393939393,5.484052998513666e-05,12.0,10.0,2.0,0.05484052998513666
973,1.0022421000971673,0.956043956043956,9.469782144566512e-08,21.0,14.0,3.0,9.469782144566512e-05
974,0.9927239841154887,0.8513931888544891,7.42168762562196e-06,21.0,18.0,4.0,0.00742168762562196
975,1.0041967981422144,0.9032967032967033,9.558659401055547e-06,19.0,14.0,2.0,0.009558659401055547
976,0.9664596635907478,0.9,0.00015997142806871369,12.0,11.0,4.0,0.15997142806871367
977,1.0125922536675676,0.7696969696969697,0.009221952722215994,12.0,10.0,3.0,9.221952722215994
978,1.0010741091417603,0.9975490196078433,9.580348013919738e-19,19.0,17.0,4.0,9.580348013919737e-16
979,1.0088927152152976,0.9340659340659341,2.998703750099579e-06,19.0,13.0,2.0,0.002998703750099579
980,1.0056174492752135,0.8901098901098902,1.998540422478126e-05,20.0,14.0,3.0,0.01998540422478126
981,1.0035895601546663,0.981424148606811,6.725639702470495e-13,20.0,18.0,2.0,6.725639702470495e-10
982,1.0008789288710123,0.9615384615384615,1.631768081069998e-07,20.0,13.0,2.0,0.00016317680810699978
983,0.9986242369742554,0.9504643962848297,1.5597650189845142e-09,22.0,18.0,4.0,1.5597650189845143e-06
984,1.0011321615545077,0.9945054945054945,3.909411051466979e-12,16.0,13.0,2.0,3.909411051466979e-09
985,0.9804373276543832,0.7552447552447553,0.004508435484294225,13.0,12.0,3.0,4.508435484294226
986,1.0078517443723958,0.9578947368421052,1.2135311926058017e-10,24.0,19.0,2.0,1.2135311926058015e-07
987,1.016607292635139,0.8956043956043955,3.480972994482087e-05,16.0,13.0,3.0,0.034809729944820865
988,0.9867906066020488,0.8636363636363636,0.0006116938500931706,13.0,11.0,4.0,0.6116938500931706
989,0.9837771613868901,0.8909090909090909,0.0005421442248338665,13.0,10.0,4.0,0.5421442248338665
990,0.999625540496004,0.9370629370629372,6.99316495321054e-06,18.0,12.0,4.0,0.00699316495321054
991,1.0089910138311526,0.9583333333333335,1.4469911897074028e-09,19.0,17.0,4.0,1.4469911897074027e-06
992,1.0011997482966757,0.8892857142857141,9.192974758842268e-06,22.0,15.0,2.0,0.009192974758842268
993,1.0014449257770124,0.8357843137254902,2.940167931682037e-05,22.0,17.0,4.0,0.029401679316820372
994,0.999911401488886,0.9878787878787878,9.307459988955517e-08,12.0,10.0,2.0,9.307459988955517e-05
995,0.9952950283593769,0.988235294117647,8.108881053980581e-13,19.0,16.0,3.0,8.108881053980581e-10
996,1.0016018198129535,0.9580419580419581,9.5435818268384e-07,13.0,12.0,4.0,0.00095435818268384
997,1.000972307378307,0.9440559440559443,3.9272610809659444e-06,15.0,12.0,3.0,0.0039272610809659445
998,1.0003438795694715,0.9780219780219781,1.5519632991187649e-09,15.0,14.0,3.0,1.551963299118765e-06
999,1.0,1.0,0.0,17.0,11.0,2.0,0.0
