,time,value,bound,no_items,no_pos,no_prop
0,0.0027392230040277354,10.615661764413487,1.5,37.0,28.0,8.0
1,0.00682448939915048,27.501193925240607,1.5,73.0,71.0,4.0
2,0.004514434140219237,18.833381111341616,1.5,60.0,54.0,10.0
3,0.010740977688328712,28.83300920055532,1.5,100.0,81.0,13.0
4,0.001615556171600474,6.578406485114082,1.5,21.0,20.0,14.0
5,0.007902920659034862,13.05548117489925,1.5,56.0,44.0,7.0
6,0.006428773169318447,23.654284665451247,1.5,70.0,69.0,8.0
7,0.001454760815249756,8.26761626583133,1.5,23.0,20.0,10.0
8,0.006053203875126201,23.77512336667415,1.5,81.0,71.0,11.0
9,0.009399115739142871,30.88332698871648,1.5,93.0,87.0,16.0
10,0.0029600790367112495,7.953075375236046,1.5,19.0,18.0,12.0
11,0.01339619177269924,33.36768999337744,1.5,132.0,97.0,12.0
12,0.006775452517103986,23.42739556377384,1.5,78.0,66.0,18.0
13,0.0023891224791441346,10.660568372908244,1.5,38.0,30.0,18.0
14,0.004058277101648855,23.792007091497755,1.5,78.0,62.0,2.0
15,0.0038138529562274925,19.83122523879109,1.5,62.0,44.0,11.0
16,0.011081955073677818,32.262708552379614,1.5,129.0,93.0,17.0
17,0.003813852958046482,19.518871288615184,1.5,70.0,59.0,3.0
18,0.0003611243191699032,1.3888284046677695,1.5,6.0,4.0,19.0
19,0.0016691546243237099,9.536534210192503,1.5,35.0,25.0,8.0
20,0.007784699961121078,26.308026385358854,1.5,92.0,72.0,15.0
21,0.010836010404091212,35.0844065387408,1.5,113.0,85.0,15.0
22,0.0045129136142350035,18.291923103885157,1.5,63.0,45.0,11.0
23,0.007647852848094772,22.03615700619314,1.5,63.0,54.0,13.0
24,0.005788252663478488,24.57261764139043,1.5,75.0,62.0,8.0
25,0.009479703481702018,25.939071854562656,1.5,83.0,81.0,14.0
26,0.010204232909018174,29.35482819001276,1.5,105.0,85.0,7.0
27,0.0025970540609705495,10.953178552460976,1.5,35.0,31.0,15.0
28,0.00306385476324067,13.228456799578169,1.5,41.0,36.0,6.0
29,0.0002824372331815539,2.0705224090517595,1.5,4.0,3.0,2.0
30,0.0042707702559710015,16.79207367594138,1.5,54.0,49.0,6.0
31,0.001104660290366155,3.288746502967778,1.5,14.0,13.0,6.0
32,0.0003588435356505215,1.1727667460498938,1.5,5.0,3.0,12.0
33,0.012502504110670998,33.9060162481512,1.5,129.0,92.0,18.0
34,0.002834255719790235,10.542941123174915,1.5,41.0,32.0,19.0
35,0.005420285988293472,25.658019764823724,1.5,84.0,69.0,4.0
36,0.008395950389967766,21.43442978526125,1.5,78.0,63.0,15.0
37,0.0017151504580397159,8.114509176364894,1.5,25.0,21.0,10.0
38,0.00958157855347963,21.110353258279677,1.5,69.0,53.0,17.0
39,0.009994400672439951,37.996017996101116,1.5,129.0,97.0,9.0
40,0.008429021774645662,18.06366717791864,1.5,65.0,46.0,12.0
41,0.00670892961534264,23.5369532517699,1.5,84.0,61.0,7.0
42,0.012933192379932734,30.052010919379374,1.5,114.0,92.0,14.0
43,0.009919895022903802,22.035398122845315,1.5,75.0,65.0,17.0
44,0.011421031804275117,34.94479427063341,1.5,135.0,92.0,12.0
45,0.007469191345080617,35.077073098098786,1.5,131.0,90.0,4.0
46,0.005635820187308127,22.06034482638486,1.5,71.0,70.0,2.0
47,0.0012209803353471216,6.1268767973565765,1.5,19.0,16.0,17.0
48,0.007375679151664372,21.490787525434524,1.5,71.0,68.0,19.0
49,0.0012779999651684193,5.915154673596735,1.5,26.0,18.0,3.0
50,0.007879352546297014,28.04923998633603,1.5,98.0,68.0,19.0
51,0.0004219452603138052,1.7952100473310604,1.5,6.0,5.0,7.0
52,0.005950568542175461,23.429583926334818,1.5,85.0,63.0,4.0
53,0.005636580448481254,32.29702384500521,1.5,107.0,88.0,2.0
54,0.0009434848034288734,3.8546671414598173,1.5,14.0,11.0,12.0
55,0.006730216944561107,22.547449932553533,1.5,82.0,66.0,17.0
56,0.013716261959416443,34.7418037165935,1.5,133.0,95.0,11.0
57,0.010472985430169501,37.7592967231622,1.5,127.0,92.0,16.0
58,0.0026054169411509065,12.577832200822737,1.5,42.0,31.0,8.0
59,0.004025585847557522,17.97963206151837,1.5,61.0,43.0,17.0
60,0.0011251873565925052,5.497736873946813,1.5,20.0,16.0,14.0
61,0.0018185460521635832,8.243509676527653,1.5,26.0,21.0,12.0
62,0.004397353834065143,18.086996052499252,1.5,60.0,47.0,10.0
63,0.006578544729563873,22.295464048530675,1.5,87.0,63.0,4.0
64,0.00906079927153769,29.207623500085138,1.5,105.0,70.0,19.0
65,0.0027738149128708756,11.022493811429836,1.5,37.0,31.0,17.0
66,0.0038868380834173877,15.58742483762194,1.5,49.0,45.0,14.0
67,0.007656215730094118,26.712490499088172,1.5,99.0,76.0,7.0
68,0.0072810265664884355,27.433658284361464,1.5,94.0,70.0,7.0
69,0.00464443889541144,15.412324286863678,1.5,54.0,40.0,10.0
70,0.009475522043430828,32.91450929890751,1.5,127.0,89.0,15.0
71,0.0020207756733725546,6.705605861262043,1.5,31.0,21.0,12.0
72,0.0017067875778593589,7.937939875887371,1.5,28.0,21.0,16.0
73,0.0015387697367259534,7.032185104642823,1.5,23.0,17.0,16.0
74,0.01442900732945418,39.09014141070593,1.5,138.0,99.0,7.0
75,0.0025381337782164337,4.77482956231791,1.5,25.0,17.0,15.0
76,0.012908864006021759,34.59128291194036,1.5,118.0,87.0,15.0
77,0.0009548887301207287,2.53389484518608,1.5,14.0,9.0,10.0
78,0.003371000500919763,10.039327890857267,1.5,38.0,26.0,10.0
79,0.0012251617736183107,7.129565138098207,1.5,22.0,16.0,9.0
80,0.010747820044343825,32.10674379616137,1.5,123.0,92.0,12.0
81,0.006949932583665941,36.075573692841544,1.5,125.0,85.0,7.0
82,0.0029403122316580266,10.365596257299863,1.5,40.0,36.0,10.0
83,0.00028471801851992495,1.3165778500975236,1.5,4.0,3.0,3.0
84,0.0088977231298486,24.398987367088406,1.5,91.0,66.0,18.0
85,0.0013357798543438548,5.33892025246838,1.5,20.0,16.0,18.0
86,0.0014505793769785669,5.94159220924343,1.5,28.0,20.0,14.0
87,0.003551182529918151,15.528968864632867,1.5,49.0,48.0,16.0
88,0.006706648831823259,29.849265426097638,1.5,113.0,79.0,5.0
89,0.0037385870455182157,7.734441937444398,1.5,26.0,24.0,14.0
90,0.007937512567878002,21.522857590203753,1.5,70.0,60.0,15.0
91,0.007622764213010669,33.13719861664918,1.5,96.0,88.0,11.0
92,0.0058179028710583225,25.36297618961859,1.5,76.0,73.0,6.0
93,0.009222735017829109,34.6328497872543,1.5,115.0,88.0,8.0
94,0.007460448332494707,28.956821874954205,1.5,95.0,80.0,11.0
95,0.0015676596831326606,4.310444981954374,1.5,22.0,15.0,19.0
96,0.007875551236793399,13.037151091229006,1.5,63.0,48.0,12.0
97,0.0029752842729067197,10.52816898952989,1.5,43.0,31.0,18.0
98,0.0018607405781949637,6.214328328755935,1.5,26.0,23.0,19.0
99,0.012722219751594821,32.72097035953688,1.5,101.0,94.0,8.0
100,0.006107562590841553,23.081207558678567,1.5,79.0,69.0,11.0
101,0.003038766124518588,15.546849510665535,1.5,57.0,43.0,3.0
102,0.012369078178380732,28.881500515540314,1.5,118.0,89.0,19.0
103,0.0004979714321962092,1.4483433835079458,1.5,7.0,5.0,3.0
104,0.012225768841744866,35.66067737295979,1.5,108.0,99.0,11.0
105,0.007549018824647646,22.387510942639505,1.5,72.0,63.0,8.0
106,0.005760503110650461,20.267559753384738,1.5,64.0,56.0,16.0
107,0.002316137353773229,9.137940690654439,1.5,34.0,29.0,5.0
108,0.004008860090834787,13.268793302464223,1.5,48.0,38.0,7.0
109,0.0033105596940004034,10.67083770428111,1.5,45.0,31.0,5.0
110,0.0019823824550257996,8.609296793397863,1.5,31.0,21.0,9.0
111,0.008745670784264803,34.923277792541946,1.5,103.0,94.0,8.0
112,0.012128835473049548,35.73707618035241,1.5,106.0,94.0,13.0
113,0.002296370548720006,7.638967698032337,1.5,26.0,24.0,7.0
114,0.0009130743364949012,3.395944489999869,1.5,13.0,12.0,4.0
115,0.011765810499127838,27.368090675376525,1.5,95.0,92.0,15.0
116,0.0006899375184730161,2.5362247262750848,1.5,13.0,9.0,12.0
117,0.011654432153591188,30.717680247170172,1.5,100.0,94.0,18.0
118,0.011929646900171065,36.989070484316265,1.5,129.0,87.0,16.0
119,0.007992251412360929,30.324127924932604,1.5,106.0,75.0,10.0
120,0.0063991229617386125,25.35793954429623,1.5,88.0,64.0,6.0
121,0.005360985573133803,18.612952828719322,1.5,51.0,47.0,9.0
122,0.002352629915549187,12.03657594688582,1.5,40.0,31.0,2.0
123,0.012764414277626202,34.91537797468594,1.5,130.0,95.0,17.0
124,0.007401528049740591,24.449915414332107,1.5,87.0,80.0,3.0
125,0.0033960891378228553,12.20850782010935,1.5,47.0,42.0,7.0
126,0.002238590657725581,10.487941317570597,1.5,32.0,29.0,12.0
127,0.008865792136930395,35.23359981982332,1.5,132.0,92.0,5.0
128,0.0033021968138200464,13.802847113741073,1.5,41.0,32.0,19.0
129,0.003388106388229062,14.05926268937594,1.5,41.0,39.0,10.0
130,0.007736803470834275,23.241207565851468,1.5,75.0,73.0,11.0
131,0.0022933295022085076,9.411902383592551,1.5,35.0,27.0,5.0
132,0.013126298859788221,32.41970741057893,1.5,116.0,91.0,14.0
133,0.0010126686211151537,3.4086623288988855,1.5,13.0,10.0,2.0
134,0.009879221021037665,37.4517493126603,1.5,129.0,89.0,7.0
135,0.0056434228044963675,22.218636984308084,1.5,81.0,68.0,4.0
136,0.003120114130069851,13.213354680091774,1.5,41.0,36.0,19.0
137,0.004428144431585679,16.45931862936279,1.5,55.0,43.0,16.0
138,0.004642538240659633,13.336006421455679,1.5,50.0,44.0,14.0
139,0.00203750143009529,7.068399477438194,1.5,27.0,19.0,9.0
140,0.004561950496281497,10.77179999935523,1.5,39.0,30.0,16.0
141,0.0026806828518601833,11.444293457247666,1.5,36.0,26.0,14.0
142,0.0029311890903045423,6.757771649667607,1.5,26.0,21.0,19.0
143,0.0018238678840134526,5.639810368292799,1.5,19.0,18.0,2.0
144,0.006572462634721887,13.880446656883825,1.5,45.0,35.0,18.0
145,0.01451643742802844,28.001497229682624,1.5,90.0,77.0,3.0
146,0.003561826195436879,7.915119930726624,1.5,30.0,29.0,2.0
147,0.014906071564837475,30.213389732321335,1.5,113.0,84.0,12.0
148,0.009605526798623032,20.694626699230724,1.5,64.0,53.0,17.0
149,0.0041365840606886195,12.997217700581364,1.5,54.0,39.0,8.0
150,0.005913315717407386,21.674719079310062,1.5,74.0,52.0,7.0
151,0.012974246514204424,29.033323748879358,1.5,89.0,76.0,13.0
152,0.003708176576765254,16.47622208363814,1.5,65.0,44.0,7.0
153,0.008861610698659206,34.75336905856044,1.5,125.0,92.0,16.0
154,0.005664330001309281,25.814449082732338,1.5,92.0,68.0,10.0
155,0.006554216353833908,31.895889034469327,1.5,106.0,94.0,3.0
156,0.018854490846933913,37.41421882969072,1.5,136.0,97.0,19.0
157,0.0006610475720663089,2.99465069934959,1.5,10.0,8.0,3.0
158,0.010771388157081674,37.54750188043584,1.5,119.0,95.0,9.0
159,0.00628318304734421,21.708365636889564,1.5,69.0,64.0,11.0
160,0.0004793450189026771,2.1887299097834285,1.5,7.0,5.0,5.0
161,0.004585138480251771,13.012165749387366,1.5,61.0,41.0,15.0
162,0.005892788651181036,21.972098197756356,1.5,85.0,69.0,7.0
163,0.005618714299998828,21.5687420200462,1.5,76.0,64.0,7.0
164,0.011991608231255668,32.34009252298494,1.5,116.0,94.0,17.0
165,0.0004025585858471459,2.3320169369586585,1.5,5.0,4.0,19.0
166,0.0024643883916724008,11.20212569827137,1.5,37.0,25.0,8.0
167,0.011151138891364099,32.540865524018,1.5,119.0,92.0,16.0
168,0.007345648811678984,30.008551816829744,1.5,105.0,74.0,12.0
169,0.0020652509829233168,9.03868160433418,1.5,33.0,24.0,3.0
170,0.009071823065823992,36.14903353984259,1.5,124.0,95.0,4.0
171,0.0013334990690054838,5.065712885381443,1.5,17.0,15.0,17.0
172,0.000829825676191831,4.240286489463923,1.5,12.0,11.0,17.0
173,0.0014004021031723823,6.779009793488948,1.5,21.0,19.0,13.0
174,0.003047129004698945,12.661301750031573,1.5,56.0,38.0,5.0
175,0.007888475687650498,27.179530289385017,1.5,87.0,75.0,16.0
176,0.0037944662835798226,11.196459221472237,1.5,46.0,35.0,6.0
177,0.0039202895986818476,15.04682915086388,1.5,58.0,39.0,6.0
178,0.004786607838468626,15.725708715712265,1.5,49.0,36.0,12.0
179,0.008333228797710035,30.877121364723777,1.5,111.0,75.0,8.0
180,0.009138345965766348,30.328681972936437,1.5,107.0,79.0,14.0
181,0.0051568552989920136,13.224286534491293,1.5,42.0,40.0,15.0
182,0.0020447239166969666,8.529138250289751,1.5,26.0,24.0,18.0
183,0.0017292152988375165,4.664448558382643,1.5,21.0,15.0,17.0
184,0.005356424002457061,18.6163925056286,1.5,53.0,43.0,4.0
185,0.0037062759220134467,16.778646629448385,1.5,62.0,45.0,11.0
186,0.006773551862352178,30.853694483135396,1.5,117.0,79.0,6.0
187,0.00529256201662065,18.09417606972466,1.5,60.0,51.0,10.0
188,0.003465272953690146,9.716950176864398,1.5,32.0,24.0,18.0
189,0.0023313425881497096,8.191600408575034,1.5,25.0,24.0,8.0
190,0.008714119921933161,32.354471164699675,1.5,111.0,76.0,6.0
191,0.009418882544196094,32.47374205846456,1.5,105.0,97.0,14.0
192,0.0011525567788339686,4.686380848428065,1.5,14.0,13.0,12.0
193,0.00885552860381722,20.301192866688737,1.5,73.0,60.0,10.0
194,0.006042560211426462,25.04010030381248,1.5,79.0,77.0,5.0
195,0.007900259743109928,27.6215989095759,1.5,101.0,73.0,12.0
196,0.00087620164231339,4.034211650756614,1.5,16.0,11.0,19.0
197,0.015926722933727433,41.23063779701865,1.5,145.0,99.0,10.0
198,0.004626192612704472,9.851401658362155,1.5,47.0,38.0,13.0
199,0.009190804026729893,23.02487442583626,1.5,75.0,73.0,17.0
200,0.0018147447444789577,8.36334379518727,1.5,32.0,26.0,3.0
201,0.0043829088608617894,10.910678631721959,1.5,41.0,35.0,15.0
202,0.00959450300433673,26.98530067719151,1.5,115.0,83.0,7.0
203,0.014130224471955444,32.4676553391701,1.5,117.0,87.0,17.0
204,0.007817011082806857,30.1837180206851,1.5,101.0,80.0,19.0
205,0.005030651851484436,12.39651417808295,1.5,40.0,39.0,13.0
206,0.0005899630996282212,1.695028751326173,1.5,6.0,4.0,16.0
207,0.0006690303198411129,4.371760385712241,1.5,12.0,8.0,18.0
208,0.004509112306550378,16.848640562678693,1.5,66.0,46.0,9.0
209,0.00035960379682364874,1.4772710291253066,1.5,4.0,3.0,9.0
210,0.008988954536107485,28.516373827076915,1.5,100.0,76.0,17.0
211,0.002749106406554347,11.238232405019248,1.5,37.0,31.0,9.0
212,0.008341591676071403,21.346108254835137,1.5,78.0,65.0,12.0
213,0.004345656034274725,16.731355972392528,1.5,55.0,45.0,18.0
214,0.006970839782297844,20.809769208574636,1.5,99.0,67.0,13.0
215,0.0052127345370536204,13.871427786869521,1.5,49.0,44.0,15.0
216,0.005904952839046018,23.11952715768864,1.5,67.0,65.0,19.0
217,0.0019014145800611004,7.914863676154654,1.5,27.0,25.0,19.0
218,0.007298132455616724,29.229854587392538,1.5,102.0,82.0,8.0
219,0.003849585258649313,18.791682879196657,1.5,55.0,52.0,4.0
220,0.006240608392545255,24.92734095507074,1.5,87.0,68.0,8.0
221,0.0017501224974694196,6.633064481084271,1.5,20.0,17.0,7.0
222,0.0061125042902858695,21.688373000124983,1.5,86.0,59.0,4.0
223,0.003265704252044088,12.103857245789099,1.5,38.0,35.0,17.0
224,0.0019736394460778683,11.055295283379138,1.5,42.0,28.0,4.0
225,0.0018451552132319193,12.247305725696727,1.5,38.0,27.0,2.0
226,0.0034375234026811086,14.747332343008127,1.5,54.0,40.0,12.0
227,0.004815497784875333,15.651646648139941,1.5,54.0,41.0,13.0
228,0.0037621551600750536,15.118024175741542,1.5,55.0,41.0,9.0
229,0.0006678899280814221,2.6610075817593826,1.5,12.0,9.0,4.0
230,0.0009602105619705981,2.3227533193955856,1.5,11.0,7.0,7.0
231,0.004707160487669171,14.57789244034763,1.5,64.0,45.0,13.0
232,0.008249980137406965,21.441758597121183,1.5,68.0,63.0,5.0
233,0.0021211302209849237,7.994850085698297,1.5,25.0,21.0,15.0
234,0.005164457916180254,12.867571318490409,1.5,47.0,36.0,19.0
235,0.005065243762146565,19.819578085227548,1.5,61.0,50.0,9.0
236,0.007606038454468944,22.001014787522696,1.5,77.0,58.0,13.0
237,0.00865786055510398,33.977265236255214,1.5,116.0,90.0,6.0
238,0.004482503147301031,16.89997091174273,1.5,52.0,41.0,19.0
239,0.003680427023937227,10.80131276622736,1.5,41.0,34.0,10.0
240,0.0015566358870273689,5.710881544061964,1.5,22.0,18.0,11.0
241,0.006621499516768381,27.50042928743909,1.5,98.0,75.0,8.0
242,0.0032128660604939796,12.248866743081216,1.5,42.0,35.0,17.0
243,0.008681048537255265,22.51564181747115,1.5,88.0,74.0,8.0
244,0.004263927899955888,15.16827983712112,1.5,50.0,45.0,14.0
245,0.0028688476286333753,10.057820770745773,1.5,32.0,23.0,3.0
246,0.0015387697367259534,3.8514511500048125,1.5,20.0,14.0,6.0
247,0.00530662685923744,23.027262311438825,1.5,87.0,58.0,15.0
248,0.006665974829957122,22.624789792338078,1.5,86.0,63.0,14.0
249,0.02114972100389423,31.727472449891074,1.5,102.0,94.0,19.0
250,0.0035774115603999235,11.265149178200703,1.5,43.0,39.0,15.0
251,0.003349333042933722,9.367659092517304,1.5,39.0,27.0,16.0
252,0.008994656500362908,24.818874939688598,1.5,82.0,71.0,15.0
253,0.008640754665975692,28.631606968717847,1.5,92.0,84.0,19.0
254,0.0054111628469399875,20.19324683628819,1.5,62.0,54.0,19.0
255,0.006883029551318032,28.880159757078637,1.5,85.0,81.0,9.0
256,0.0024385394899582025,8.774474457068528,1.5,30.0,29.0,18.0
257,0.002141657287211274,8.98096253131456,1.5,32.0,30.0,2.0
258,0.0004892284214292886,2.378049183341395,1.5,7.0,6.0,19.0
259,0.004490105762670282,14.392787038660444,1.5,54.0,48.0,18.0
260,0.0034341022237640573,21.396091999260484,1.5,69.0,49.0,2.0
261,0.003917248552170349,17.980596529469327,1.5,63.0,50.0,17.0
262,0.00694118957289902,24.1258356482883,1.5,69.0,62.0,10.0
263,0.006385058120940812,24.96998573718645,1.5,78.0,71.0,9.0
264,0.0006454622071032645,3.6313260351718717,1.5,12.0,8.0,2.0
265,0.007771395381496404,26.844258938868094,1.5,82.0,75.0,4.0
266,0.008722482802113518,24.53240265142863,1.5,83.0,66.0,18.0
267,0.006540151511217118,27.29675443185841,1.5,102.0,74.0,15.0
268,0.008503147291776258,35.649189989320924,1.5,116.0,91.0,4.0
269,0.005639241364406189,35.782032751561005,1.5,121.0,85.0,2.0
270,0.007484396579457098,27.197497697141017,1.5,107.0,74.0,4.0
271,0.0019481706785882125,6.6760237735991845,1.5,31.0,24.0,18.0
272,0.0005029131334595149,1.7158155362874594,1.5,8.0,6.0,7.0
273,0.005015826747694518,22.942952140222506,1.5,77.0,58.0,4.0
274,0.005188406161323655,16.52324991776231,1.5,78.0,52.0,17.0
275,0.0005523301460925722,1.4337804997243162,1.5,6.0,5.0,11.0
276,0.002788259886074229,13.151371163840617,1.5,42.0,33.0,9.0
277,0.007028239540886716,34.703133008217456,1.5,126.0,93.0,4.0
278,0.002685624553123489,10.582955697597273,1.5,44.0,31.0,4.0
279,0.004911670892397524,29.152476536884166,1.5,97.0,75.0,2.0
280,0.01153811211042921,25.530476699983637,1.5,84.0,73.0,13.0
281,0.011034058583391015,29.768668750502624,1.5,104.0,81.0,17.0
282,0.0016204978728637798,8.262216159070862,1.5,30.0,21.0,6.0
283,0.007156723773732665,28.62627877392356,1.5,93.0,72.0,18.0
284,0.000453115990239894,1.8968049378462115,1.5,7.0,5.0,9.0
285,0.006387338904460194,25.023175292556797,1.5,87.0,66.0,6.0
286,0.017506546802906087,38.278463153066404,1.5,128.0,87.0,12.0
287,0.015158478458033642,29.237491790609596,1.5,101.0,73.0,15.0
288,0.005841090853209607,18.840082344050398,1.5,65.0,57.0,6.0
289,0.0027555686319828965,11.021395947381627,1.5,35.0,30.0,18.0
290,0.011726276889021392,25.29667131680744,1.5,106.0,72.0,13.0
291,0.0035998392795590917,14.09324262499735,1.5,59.0,39.0,10.0
292,0.007448284146448714,28.05702225440763,1.5,103.0,70.0,4.0
293,0.00825606223224895,27.86953295722892,1.5,90.0,73.0,8.0
294,0.005644183067488484,21.054884281474276,1.5,66.0,61.0,8.0
295,0.003627208701800555,19.639086172078784,1.5,63.0,54.0,2.0
296,0.010652787326762336,21.536120581364393,1.5,73.0,58.0,14.0
297,0.012150502932854579,37.29642088633366,1.5,144.0,99.0,11.0
298,0.0007055228834360605,2.2812586126807597,1.5,8.0,7.0,8.0
299,0.00912884269564529,20.652462726447883,1.5,80.0,54.0,15.0
300,0.009172557744022924,20.217577261610515,1.5,87.0,61.0,12.0
301,0.002657875000295462,8.544062914106929,1.5,29.0,20.0,19.0
302,0.007271143163961824,31.179549553802424,1.5,99.0,73.0,7.0
303,0.003354654872964602,13.499130705268572,1.5,40.0,38.0,13.0
304,0.004748594750708435,16.65239116903411,1.5,67.0,45.0,12.0
305,0.002608077857075841,3.5036779088083514,1.5,12.0,9.0,19.0
306,0.010905574352364056,36.3530409382452,1.5,125.0,99.0,6.0
307,0.005933842785452725,21.040627089923408,1.5,75.0,57.0,13.0
308,0.003553463315256522,12.429640761670742,1.5,41.0,32.0,16.0
309,0.009326130613771966,24.92955557063578,1.5,111.0,75.0,11.0
310,0.006384297857948695,29.447102974230745,1.5,110.0,80.0,2.0
311,0.007664958739042049,22.834808352937934,1.5,82.0,65.0,11.0
312,0.003606681635574205,14.8137829880605,1.5,50.0,34.0,11.0
313,0.0014068643267819425,6.709637199234286,1.5,24.0,17.0,4.0
314,0.005392916566052008,27.85278066187716,1.5,94.0,82.0,2.0
315,0.0026704193187470082,12.222092908896512,1.5,37.0,32.0,6.0
316,0.0006321576274785912,2.423817585667199,1.5,9.0,8.0,17.0
317,0.006299528675299371,28.011845374826375,1.5,114.0,81.0,2.0
318,0.006608575067730271,26.347633368703466,1.5,91.0,71.0,12.0
319,0.006436375786506687,30.98872061231813,1.5,97.0,82.0,3.0
320,0.008311181207318441,32.67949428347596,1.5,104.0,94.0,4.0
321,0.002080836347886361,8.110138284951375,1.5,28.0,26.0,5.0
322,0.010141891447347007,35.70032212571767,1.5,101.0,95.0,6.0
323,0.006830571492173476,16.67010169851799,1.5,57.0,46.0,19.0
324,0.00884260415477911,35.24041332317652,1.5,145.0,97.0,6.0
325,0.0020287584211473586,7.51890381413658,1.5,32.0,24.0,10.0
326,0.004987316933693364,20.933504239769302,1.5,67.0,51.0,12.0
327,0.0014099053732934408,7.21684665797668,1.5,25.0,19.0,10.0
328,0.010781651690194849,19.649445375773286,1.5,82.0,55.0,19.0
329,0.002647611467182287,12.665808032225572,1.5,46.0,31.0,2.0
330,0.005793194364741794,20.444887553243607,1.5,58.0,56.0,2.0
331,0.007487057493563043,27.684775776633188,1.5,99.0,69.0,7.0
332,0.010658869421604322,20.678483231141694,1.5,83.0,62.0,19.0
333,0.007556621443654876,32.306896932107115,1.5,122.0,83.0,8.0
334,0.005364406750231865,15.595602514472057,1.5,52.0,46.0,14.0
335,0.009114397722441936,31.48666646857854,1.5,112.0,86.0,8.0
336,0.006197273472935194,17.579973567915236,1.5,60.0,51.0,16.0
337,0.005180423413548851,15.349624942995918,1.5,55.0,46.0,2.0
338,0.006870105102279922,23.607142005260528,1.5,77.0,62.0,8.0
339,0.004520896363828797,14.530923659590613,1.5,72.0,49.0,18.0
340,0.004083365740370937,16.646578427824462,1.5,61.0,55.0,8.0
341,0.0031873972930043237,10.735563149251572,1.5,36.0,30.0,7.0
342,0.0032546804559387965,13.936119194488175,1.5,38.0,34.0,18.0
343,0.009464118116738973,21.296169050356553,1.5,89.0,62.0,15.0
344,0.0014460178063018247,2.2826647628624572,1.5,9.0,8.0,15.0
345,0.0020842575268034125,6.683468033238552,1.5,22.0,17.0,9.0
346,0.0019177602080162615,7.00125333541817,1.5,28.0,19.0,3.0
347,0.004707920748842298,13.598021326431168,1.5,48.0,37.0,16.0
348,0.008430542298810906,26.574833439250565,1.5,105.0,70.0,11.0
349,0.008319924218085362,35.76076422381866,1.5,134.0,97.0,7.0
350,0.007815870691047166,24.924288866825105,1.5,81.0,72.0,10.0
351,0.010105018754984485,34.349885161572274,1.5,120.0,85.0,15.0
352,0.006618458470256883,28.901868484408478,1.5,96.0,93.0,2.0
353,0.007531152674346231,19.2969371406099,1.5,56.0,45.0,4.0
354,0.009565613057930022,22.403930010964302,1.5,64.0,56.0,17.0
355,0.008375423321922426,22.85159361449472,1.5,69.0,66.0,19.0
356,0.013885800326534081,33.36632336576397,1.5,131.0,97.0,11.0
357,0.001580964262757334,6.1598288386290845,1.5,22.0,21.0,13.0
358,0.011165963995154016,34.91908929371525,1.5,131.0,88.0,14.0
359,0.005455638158309739,18.32796993152695,1.5,72.0,48.0,19.0
360,0.006644687500738655,19.57554827967166,1.5,74.0,53.0,16.0
361,0.006212478707311675,23.019784855676306,1.5,98.0,70.0,7.0
362,0.0003098066536040278,1.0130585254991622,1.5,4.0,3.0,10.0
363,0.0014441171515500173,5.396009760797049,1.5,21.0,17.0,5.0
364,0.0023195585308712907,11.098737633146804,1.5,39.0,27.0,10.0
365,0.012745407733746106,18.859361228986955,1.5,67.0,54.0,15.0
366,0.006740480477674282,25.95631981209258,1.5,71.0,68.0,9.0
367,0.0049359992663084995,19.87460432488603,1.5,64.0,54.0,6.0
368,0.0046695275323145324,17.295318758873712,1.5,75.0,52.0,13.0
369,0.00380929138736974,17.06135037670975,1.5,77.0,53.0,6.0
370,0.0024218137332354672,5.566533906878513,1.5,26.0,17.0,5.0
371,0.009703980691483594,26.922669025784092,1.5,94.0,79.0,13.0
372,0.0032828101411723765,13.48620435080919,1.5,48.0,33.0,14.0
373,0.009039131811732659,35.81044128472909,1.5,121.0,98.0,7.0
374,0.005270514428048045,18.02721363096395,1.5,65.0,48.0,15.0
375,0.0013475639116222737,5.91190687818217,1.5,21.0,16.0,10.0
376,0.0008294455456052674,3.0378245901439875,1.5,8.0,6.0,13.0
377,0.0003960963604185963,1.633848768803857,1.5,6.0,4.0,12.0
378,0.005420666117061046,19.519121171728596,1.5,75.0,61.0,14.0
379,0.0010617055031616474,4.645280497557079,1.5,18.0,12.0,13.0
380,0.004880880293057999,18.54961925085953,1.5,57.0,52.0,13.0
381,0.007928389426524518,29.211680427222767,1.5,98.0,74.0,8.0
382,0.0006066888581699459,3.178611533195584,1.5,11.0,8.0,15.0
383,0.002498600168109988,10.369987670852195,1.5,40.0,27.0,13.0
384,0.00030030338166397996,0.6075173952066844,1.5,4.0,3.0,14.0
385,0.005251888014754513,15.028187376524754,1.5,59.0,42.0,19.0
386,0.0051245441754872445,18.35919711806106,1.5,60.0,52.0,9.0
387,0.0012513908022810938,4.536832102551621,1.5,17.0,16.0,11.0
388,0.008191439985239413,21.581447158648576,1.5,94.0,63.0,15.0
389,0.0040138017902791034,17.988080664096085,1.5,53.0,49.0,8.0
390,0.009053576784936013,23.167026566381573,1.5,104.0,72.0,11.0
391,0.013236536809927202,30.54313819646018,1.5,98.0,93.0,14.0
392,0.00278407844780304,10.158068331912595,1.5,38.0,35.0,19.0
393,0.009299901585109183,27.78116148282481,1.5,102.0,78.0,12.0
394,0.005930421606535674,16.612352316079974,1.5,71.0,47.0,9.0
395,0.009637457789722248,31.189925789632966,1.5,118.0,88.0,4.0
396,0.023287576981601887,28.951253872784978,1.5,92.0,76.0,19.0
397,0.010519361394472071,32.96351678251928,1.5,104.0,90.0,13.0
398,0.00848604140446696,34.4362730187261,1.5,114.0,95.0,4.0
399,0.0060064477802370675,18.464420897839872,1.5,57.0,48.0,10.0
400,0.0014239702159102308,5.578475983986907,1.5,18.0,16.0,13.0
401,0.00624973153207975,31.266452306913713,1.5,111.0,92.0,2.0
402,0.019745897723623784,32.65662896418392,1.5,108.0,91.0,10.0
403,0.01161375815354404,20.88021617556867,1.5,68.0,65.0,15.0
404,0.0061645822188438615,18.70941267874924,1.5,49.0,48.0,3.0
405,0.014043554632735322,24.701284359321356,1.5,93.0,62.0,18.0
406,0.002184992205002345,3.996390763032281,1.5,18.0,16.0,3.0
407,0.01058512403506029,19.86302805052788,1.5,73.0,61.0,8.0
408,0.009468299556829152,23.513219252661223,1.5,91.0,72.0,14.0
409,0.001971738791326061,3.781629737385726,1.5,13.0,12.0,10.0
410,0.009108695760005503,27.702446586847575,1.5,115.0,77.0,6.0
411,0.0040426917385048,19.528093354396393,1.5,81.0,56.0,2.0
412,0.005466281822009478,20.097058614369963,1.5,72.0,57.0,5.0
413,0.0029885888507124037,14.515877155585772,1.5,57.0,41.0,8.0
414,0.0010902153171628015,8.453568234257895,1.5,30.0,20.0,2.0
415,0.009829043745412491,31.216277046342416,1.5,112.0,95.0,2.0
416,0.004261266984030954,17.2433634778292,1.5,58.0,57.0,3.0
417,0.0024225739944085944,5.461296597445851,1.5,23.0,16.0,4.0
418,0.004856932047914597,14.892084142968972,1.5,48.0,39.0,15.0
419,0.010034694543719525,30.027897396398366,1.5,104.0,75.0,7.0
420,0.0076045179303037,12.87700106751758,1.5,42.0,40.0,11.0
421,0.0008009357297851238,1.7131694520442438,1.5,9.0,6.0,12.0
422,0.00620981779320573,22.228636261518055,1.5,67.0,56.0,6.0
423,0.015536708668150823,33.9705471237902,1.5,139.0,96.0,8.0
424,0.012637450568945496,11.758062971103032,1.5,45.0,38.0,3.0
425,0.004842867205297807,11.891407541435923,1.5,45.0,35.0,8.0
426,0.005247326444077771,17.176497684717727,1.5,60.0,42.0,7.0
427,0.0053070069898240035,18.422393617811817,1.5,62.0,55.0,3.0
428,0.010689279890357284,29.03041849694297,1.5,113.0,89.0,12.0
429,0.003040286648683832,11.305236014247065,1.5,43.0,31.0,12.0
430,0.0008697394150658511,2.2654237205377443,1.5,9.0,8.0,10.0
431,0.0020276180275686784,5.774347890748783,1.5,17.0,13.0,2.0
432,0.007363895094385953,25.955378666558225,1.5,104.0,72.0,15.0
433,0.00519752930267714,17.810637053440797,1.5,70.0,49.0,5.0
434,0.01225655944290338,22.84219785038229,1.5,87.0,70.0,16.0
435,0.01525655222212663,27.414846883519953,1.5,85.0,83.0,11.0
436,0.014741094768396579,33.87880834119435,1.5,103.0,83.0,10.0
437,0.003475916619208874,12.90808253364672,1.5,54.0,38.0,10.0
438,0.010022150225267978,23.27564072122012,1.5,87.0,62.0,15.0
439,0.006014050397425308,22.79058897872921,1.5,98.0,65.0,3.0
440,0.0010734895586210769,3.050692815856949,1.5,11.0,10.0,17.0
441,0.0024111700695357285,8.557369857155312,1.5,31.0,28.0,19.0
442,0.008928513731007115,30.985328725733186,1.5,108.0,77.0,5.0
443,0.0063652913140686,24.32967888279458,1.5,93.0,72.0,4.0
444,0.005996564377710456,32.46829220552772,1.5,90.0,86.0,7.0
445,0.0015030374361231225,7.095183292425288,1.5,29.0,21.0,14.0
446,0.0033702402397466358,9.747372938176525,1.5,38.0,25.0,16.0
447,0.007174209793447517,15.841916006919584,1.5,64.0,50.0,17.0
448,0.01612096980534261,33.13368628381953,1.5,129.0,93.0,9.0
449,0.002035980905930046,5.13995232768172,1.5,19.0,15.0,8.0
450,0.0049063490605476545,10.803114180127361,1.5,34.0,28.0,16.0
451,0.015625279158484773,34.80743401576034,1.5,136.0,93.0,2.0
452,0.0010092474440170918,3.282646490781161,1.5,11.0,10.0,2.0
453,0.00495880711969221,10.166415785781997,1.5,41.0,31.0,11.0
454,0.001588947010532138,5.466039053066578,1.5,20.0,17.0,9.0
455,0.009859454215984442,34.607203433677746,1.5,105.0,88.0,6.0
456,0.015021631346826325,29.111054823072447,1.5,92.0,83.0,17.0
457,0.019802917353445082,34.42268353965256,1.5,123.0,99.0,9.0
458,0.004216411542074638,10.597872341109786,1.5,42.0,28.0,6.0
459,0.015164180420470075,32.09004989222847,1.5,90.0,88.0,15.0
460,0.002326400886886404,6.86150565130516,1.5,21.0,20.0,19.0
461,0.002719076068387949,14.053320695739158,1.5,42.0,40.0,12.0
462,0.000775466962295468,5.174170687769003,1.5,16.0,12.0,19.0
463,0.004058657234054408,18.091011687753433,1.5,74.0,51.0,8.0
464,0.0006405205058399588,3.789092571544169,1.5,12.0,9.0,16.0
465,0.001274958918656921,6.891513996245709,1.5,25.0,19.0,12.0
466,0.001144193900472601,6.0537463111610075,1.5,25.0,17.0,13.0
467,0.009859834346571006,36.78724249582636,1.5,127.0,96.0,18.0
468,0.00028927958737767767,1.3261137352329686,1.5,5.0,4.0,6.0
469,0.00207855556254799,10.802863546594367,1.5,37.0,34.0,6.0
470,0.005887086686925613,27.886513719232024,1.5,103.0,75.0,18.0
471,0.0081165542051167,30.38047197486063,1.5,102.0,95.0,3.0
472,0.0045212764944153605,22.480169414102534,1.5,63.0,59.0,16.0
473,0.004213750626149704,27.030876936185148,1.5,91.0,70.0,5.0
474,0.0024689499605301535,16.479362586948046,1.5,41.0,40.0,2.0
475,0.009777345947441063,28.991699469403695,1.5,103.0,84.0,17.0
476,0.0031193538670777343,14.062467979332393,1.5,53.0,39.0,10.0
477,0.006459943901063525,30.921293636249917,1.5,101.0,99.0,16.0
478,0.0010734895586210769,5.401859900391854,1.5,21.0,17.0,13.0
479,0.007123272256649216,30.605451674757457,1.5,109.0,82.0,18.0
480,0.004220212849759264,13.319189504587381,1.5,50.0,42.0,12.0
481,0.004875938591794693,20.86388433718279,1.5,70.0,63.0,8.0
482,0.00478052574362664,28.381892927441356,1.5,94.0,80.0,2.0
483,0.007205380523373606,30.87176594036326,1.5,91.0,88.0,9.0
484,0.003122394915408222,15.906821689347453,1.5,57.0,50.0,10.0
485,0.00461630921017786,27.442143204126623,1.5,81.0,64.0,6.0
486,0.006543192559547606,29.24061524715246,1.5,107.0,76.0,10.0
487,0.0012160386340838159,6.714863006853251,1.5,28.0,21.0,13.0
488,0.008619467336757225,32.39425788157669,1.5,114.0,87.0,4.0
489,0.0011012391114491038,4.712299450329525,1.5,13.0,11.0,17.0
490,0.004532680421107216,11.317221110720437,1.5,36.0,31.0,17.0
491,0.007271903426953941,25.57684753644956,1.5,97.0,71.0,18.0
492,0.002580708434834378,10.211355258101236,1.5,35.0,33.0,13.0
493,0.00036036405981576536,1.0087173732217702,1.5,7.0,5.0,2.0
494,0.003898622138876817,21.668538986703975,1.5,55.0,49.0,14.0
495,0.006058905839381623,26.305485810551996,1.5,98.0,70.0,8.0
496,0.0011593991348490817,7.825626849654545,1.5,23.0,21.0,13.0
497,0.0011632004443526966,7.275508802962699,1.5,25.0,20.0,11.0
498,0.00029650207216036506,0.863705641723396,1.5,6.0,4.0,3.0
499,0.00263278636339237,18.245261050539735,1.5,62.0,46.0,7.0
500,0.00462277143560641,24.287763271090427,1.5,74.0,70.0,12.0
501,0.004866055187449092,21.8108108694787,1.5,70.0,66.0,17.0
502,0.0020876787039014744,9.74348592968104,1.5,35.0,26.0,15.0
503,0.000510895881234319,2.473497432207619,1.5,8.0,6.0,6.0
504,0.00482157987789833,18.28198699863687,1.5,63.0,52.0,14.0
505,0.0033565555277164094,10.953970163537475,1.5,35.0,32.0,6.0
506,0.0005473884448292665,2.053262589722917,1.5,8.0,6.0,13.0
507,0.014939523080101935,30.550151005720803,1.5,85.0,79.0,10.0
508,0.0011715633208950749,5.431314039055244,1.5,18.0,13.0,11.0
509,0.004430805349329603,14.039038122731938,1.5,57.0,38.0,5.0
510,0.011123389338536072,31.67665082352725,1.5,122.0,95.0,3.0
511,0.004624291959771654,19.35592357597381,1.5,59.0,52.0,5.0
512,0.006967038472794229,27.77785816701862,1.5,104.0,78.0,5.0
513,0.0028144889165560016,3.679689246957309,1.5,11.0,10.0,5.0
514,0.0025761468641576357,4.950771786972384,1.5,21.0,18.0,13.0
515,0.003771278301428538,15.812628096751734,1.5,52.0,43.0,5.0
516,0.0025335722075396916,10.906512815181827,1.5,41.0,30.0,9.0
517,0.0083986113058927,23.542857130482965,1.5,84.0,69.0,12.0
518,0.012540137067844626,22.420048870601853,1.5,78.0,68.0,7.0
519,0.0032128660604939796,13.006952503502651,1.5,56.0,42.0,5.0
520,0.0023404657276842045,5.193755335656985,1.5,21.0,17.0,12.0
521,0.014083468375247321,25.116081286002277,1.5,75.0,62.0,9.0
522,0.012287350044061895,34.08412553862018,1.5,115.0,82.0,10.0
523,0.009232238289769157,30.688123387223083,1.5,124.0,85.0,7.0
524,0.0013939398777438328,5.813611071423729,1.5,25.0,17.0,3.0
525,0.014927739022823516,26.93826601448443,1.5,103.0,73.0,15.0
526,0.01207713767689711,34.570260898054826,1.5,107.0,89.0,10.0
527,0.013731467193792923,30.879533234121016,1.5,121.0,84.0,6.0
528,0.00250962396239629,10.147635237927199,1.5,43.0,34.0,8.0
529,0.0025708250323077664,8.457507952145514,1.5,28.0,23.0,4.0
530,0.0017584853758307872,4.572841543806698,1.5,17.0,12.0,17.0
531,0.010950809924906935,25.160438140176755,1.5,85.0,76.0,18.0
532,0.0037252824658935424,12.763774263462755,1.5,51.0,39.0,12.0
533,0.006588808264496038,28.150151691937445,1.5,122.0,82.0,3.0
534,0.0028707482833851827,9.353967525957003,1.5,37.0,34.0,15.0
535,0.004762279462738661,13.939063805088823,1.5,47.0,37.0,11.0
536,0.0011639607055258239,3.767156705821089,1.5,17.0,14.0,8.0
537,0.008207785613194574,28.315869654082903,1.5,111.0,80.0,12.0
538,0.0007036222286842531,3.351568157045982,1.5,12.0,9.0,13.0
539,0.012714997264993144,28.13523275382539,1.5,98.0,93.0,12.0
540,0.012387324461087701,30.856667995655513,1.5,95.0,80.0,13.0
541,0.007972104476721142,14.949652453259548,1.5,50.0,42.0,10.0
542,0.014322190556413261,32.888798277891595,1.5,131.0,91.0,19.0
543,0.0066013525811285945,15.529932218215063,1.5,57.0,55.0,16.0
544,0.0054411931851063855,13.930973971326122,1.5,39.0,36.0,5.0
545,0.0014080047185416333,5.9882499962792854,1.5,20.0,15.0,11.0
546,0.014525940699968487,37.08786450573528,1.5,139.0,94.0,19.0
547,0.009847670158706023,24.278031932719223,1.5,75.0,67.0,7.0
548,0.011568142448595609,27.777211457134705,1.5,106.0,74.0,19.0
549,0.012037984197377227,21.869958718969627,1.5,78.0,70.0,10.0
550,0.005729712511310936,6.333332163334521,1.5,31.0,22.0,4.0
551,0.008763917066971771,21.181100232289673,1.5,58.0,54.0,8.0
552,0.012776578465491184,33.3889299573164,1.5,119.0,98.0,4.0
553,0.0005299024251144147,0.35241193064568316,1.5,4.0,3.0,14.0
554,0.00482157987789833,21.369521647623024,1.5,74.0,53.0,5.0
555,0.0028984978362132097,10.82006288494498,1.5,41.0,30.0,16.0
556,0.007928769557111082,28.348900469769607,1.5,103.0,75.0,10.0
557,0.0073133376899932045,19.260948830807788,1.5,66.0,48.0,13.0
558,0.00564798437517311,19.279397697061615,1.5,71.0,57.0,2.0
559,0.0005101356200611917,3.1137301012800367,1.5,9.0,6.0,11.0
560,0.0073733983663260005,36.55260328105929,1.5,141.0,97.0,3.0
561,0.0011137834317196393,2.926281656188458,1.5,14.0,13.0,19.0
562,0.001801440163035295,5.4579267199762915,1.5,25.0,20.0,5.0
563,0.003749610839804518,13.64384566551032,1.5,44.0,35.0,10.0
564,0.015581183977701585,23.336851902703895,1.5,82.0,66.0,7.0
565,0.005210453751715249,14.843244115516624,1.5,44.0,41.0,17.0
566,0.003831719106528908,16.313880505602445,1.5,47.0,45.0,14.0
567,0.000767484214520664,3.3536622718715328,1.5,13.0,10.0,16.0
568,0.007619343035912607,24.168776117615334,1.5,107.0,77.0,10.0
569,0.007484776708224672,23.345776233508683,1.5,73.0,66.0,17.0
570,0.003077539473451907,12.081436028029431,1.5,43.0,32.0,13.0
571,0.0011529369112395216,4.980025439445419,1.5,16.0,15.0,14.0
572,0.003359216443641344,10.681805422481006,1.5,35.0,29.0,11.0
573,0.006923323422597605,24.228045293524726,1.5,94.0,63.0,10.0
574,0.00037937060187687166,1.0908273506970139,1.5,6.0,4.0,14.0
575,0.003257341371863731,15.628066268639913,1.5,54.0,46.0,6.0
576,0.004753156323204166,20.934246266646536,1.5,84.0,56.0,5.0
577,0.0038636500994471135,11.167100415605542,1.5,35.0,28.0,6.0
578,0.002586790529676364,10.219979764261948,1.5,34.0,28.0,15.0
579,0.0035010052561119664,10.476232285827274,1.5,38.0,33.0,16.0
580,0.012284308997550397,36.68674619778447,1.5,140.0,96.0,17.0
581,0.0011419131151342299,4.959191111829796,1.5,20.0,14.0,8.0
582,0.0048322235415980686,14.33207475112875,1.5,38.0,36.0,11.0
583,0.007209181832877221,32.94975542009487,1.5,117.0,81.0,7.0
584,0.011240849775276729,39.02381955243085,1.5,130.0,93.0,11.0
585,0.0011487554693303537,3.342767407973443,1.5,19.0,13.0,4.0
586,0.000867838762133033,4.660167897904859,1.5,16.0,11.0,18.0
587,0.006776592908863677,19.086298105575164,1.5,76.0,57.0,10.0
588,0.0039503199368482456,14.211098033937072,1.5,47.0,36.0,16.0
589,0.006239848129553138,28.12639013061954,1.5,92.0,74.0,5.0
590,0.006467166387665202,21.760622569009676,1.5,84.0,57.0,10.0
591,0.010626558298099553,25.310012903632895,1.5,94.0,74.0,17.0
592,0.001430432439519791,6.450632336463683,1.5,25.0,19.0,4.0
593,0.0027323806480126223,11.755301477634253,1.5,42.0,28.0,16.0
594,0.0032717863450670848,13.125293958759448,1.5,45.0,34.0,17.0
595,0.010584363773887162,33.30346171401714,1.5,120.0,87.0,12.0
596,0.007818151476385538,14.917002095615562,1.5,56.0,43.0,13.0
597,0.002152681081497576,4.042079693921115,1.5,22.0,15.0,16.0
598,0.0005386454340623459,1.7117188810630795,1.5,9.0,6.0,15.0
599,0.011788998481279123,33.61352617414251,1.5,121.0,90.0,13.0
600,0.008578413204304525,29.7371749622839,1.5,90.0,89.0,13.0
601,0.004353638783868519,18.017830695155368,1.5,52.0,50.0,7.0
602,0.004237698871293105,14.470096010487062,1.5,56.0,38.0,16.0
603,0.00964848158582754,26.323623647512434,1.5,99.0,71.0,10.0
604,0.005795475150080165,14.114956632810053,1.5,50.0,40.0,15.0
605,0.000639380114080268,2.5320886938577787,1.5,9.0,6.0,11.0
606,0.003969706611314905,14.29497897901476,1.5,50.0,46.0,7.0
607,0.009217413187798229,17.504729414359165,1.5,57.0,48.0,15.0
608,0.0004713622711278731,2.1551059013138296,1.5,6.0,4.0,14.0
609,0.01147653091175016,34.14333818201124,1.5,106.0,87.0,10.0
610,0.005662429346557474,14.049394136483203,1.5,55.0,41.0,12.0
611,0.006959815986192552,27.86960593619508,1.5,110.0,76.0,7.0
612,0.005490610197739443,16.95701895131954,1.5,57.0,43.0,19.0
613,0.002176249196054414,7.762188640221372,1.5,26.0,25.0,12.0
614,0.011056486306188162,32.229741758377614,1.5,97.0,81.0,18.0
615,0.00037823020829819143,1.2250720779341262,1.5,5.0,4.0,12.0
616,0.013466896114550764,31.14378678545917,1.5,87.0,86.0,13.0
617,0.003619986215198878,18.584434758975107,1.5,60.0,53.0,2.0
618,0.0061402538431138964,29.83044010688778,1.5,109.0,73.0,6.0
619,0.0031923389942676295,12.4481403728551,1.5,42.0,33.0,8.0
620,0.0028642860597756226,9.907132914800458,1.5,35.0,34.0,15.0
621,0.009981856353988405,38.93646521277825,1.5,144.0,98.0,5.0
622,0.002035600777162472,4.961690135869378,1.5,17.0,13.0,16.0
623,0.010180664796280325,24.54463714120549,1.5,87.0,63.0,14.0
624,0.01513567060646892,37.26014297640235,1.5,123.0,95.0,16.0
625,0.011079294157752884,31.30478448184534,1.5,93.0,89.0,19.0
626,0.010776709990750533,31.621573553083078,1.5,115.0,80.0,17.0
627,0.00205156627271208,5.942838270761373,1.5,21.0,19.0,2.0
628,0.004612127770087682,14.16982139811955,1.5,52.0,37.0,9.0
629,0.008363639266462997,33.190180129304466,1.5,118.0,94.0,7.0
630,0.0014418363662116462,4.417159202189559,1.5,24.0,16.0,12.0
631,0.00232373996914248,12.183480065651636,1.5,39.0,30.0,3.0
632,0.001610994600923732,5.391945232082634,1.5,24.0,21.0,2.0
633,0.009077525030079414,23.95133334382185,1.5,73.0,71.0,15.0
634,0.006009108696162002,28.857356664319695,1.5,98.0,73.0,9.0
635,0.008375043193154852,34.87472898346761,1.5,100.0,94.0,13.0
636,0.010233502986011445,37.03071804152685,1.5,104.0,93.0,12.0
637,0.0008309660679515218,3.3769363066066767,1.5,12.0,10.0,9.0
638,0.009155071724308073,26.162778007399357,1.5,86.0,60.0,17.0
639,0.0016725758014217718,5.326761739447096,1.5,21.0,20.0,18.0
640,0.006654570901446277,26.163998087996756,1.5,79.0,72.0,16.0
641,0.00709894388273824,22.762543254938567,1.5,75.0,60.0,14.0
642,0.005215775583565119,25.716840333261796,1.5,102.0,68.0,2.0
643,0.00297414387750905,18.62833077596613,1.5,57.0,44.0,2.0
644,0.004056756579302601,20.054408495758683,1.5,61.0,54.0,6.0
645,0.004359340746304952,13.69227969288381,1.5,46.0,38.0,10.0
646,0.0031315180567617062,14.224726374535141,1.5,38.0,37.0,14.0
647,0.0033010564220603555,12.154798288812813,1.5,45.0,40.0,6.0
648,0.0019295442652946804,7.607506873026343,1.5,29.0,20.0,18.0
649,0.006071450157833169,35.0471378115265,1.5,121.0,87.0,4.0
650,0.006092357354646083,22.06947719241027,1.5,76.0,63.0,9.0
651,0.007477174092855421,28.909874819876432,1.5,102.0,93.0,11.0
652,0.008411155624344246,28.87315160933027,1.5,107.0,87.0,17.0
653,0.0061185863851278555,29.341885618699603,1.5,81.0,78.0,17.0
654,0.00844498727201426,19.84973622261628,1.5,64.0,57.0,6.0
655,0.006369852884745342,24.918251497521087,1.5,66.0,61.0,10.0
656,0.0004964509080309654,2.170300186778954,1.5,8.0,6.0,9.0
657,0.0009849190682871267,3.5810766624589334,1.5,10.0,8.0,13.0
658,0.003205643575711292,13.847651922800393,1.5,54.0,38.0,9.0
659,0.0011354508915246697,3.7167549095207013,1.5,15.0,14.0,3.0
660,0.006918761853739852,28.370643810177512,1.5,101.0,70.0,4.0
661,0.014061040652450174,27.22862809364775,1.5,80.0,73.0,15.0
662,0.007321700568354572,24.882023828789265,1.5,88.0,74.0,7.0
663,0.006840454894700088,28.888294794117435,1.5,96.0,80.0,7.0
664,0.0012403670079947915,7.43691351658009,1.5,24.0,16.0,16.0
665,0.006559158056916203,23.689033913618392,1.5,73.0,72.0,7.0
666,0.0019398077984078554,9.686779485610693,1.5,28.0,25.0,19.0
667,0.006486933190899435,20.47701536637826,1.5,72.0,61.0,16.0
668,0.002470850615281961,6.71133344607865,1.5,36.0,25.0,4.0
669,0.010538367938352167,31.43953656762135,1.5,114.0,80.0,13.0
670,0.013748573084740201,19.764300724453076,1.5,74.0,62.0,15.0
671,0.004985416280760546,19.79706503812385,1.5,67.0,49.0,9.0
672,0.0009944223402271746,5.053334569931846,1.5,16.0,13.0,9.0
673,0.0026727001040853793,10.097593744301937,1.5,30.0,28.0,7.0
674,0.006629102133956621,29.491974471356606,1.5,105.0,82.0,7.0
675,0.00029156037271604873,0.9573745621089345,1.5,4.0,3.0,4.0
676,0.0062466904855682515,19.466783835273866,1.5,64.0,58.0,16.0
677,0.0025502979660814162,10.880833400120308,1.5,36.0,29.0,15.0
678,0.00758513125765603,27.52051170041463,1.5,79.0,73.0,12.0
679,0.00197592022959725,6.884384483046657,1.5,30.0,22.0,17.0
680,0.0010274937249050708,4.023723834445921,1.5,15.0,13.0,11.0
681,0.0020367411689221626,5.432882578659254,1.5,21.0,15.0,12.0
682,0.0005983259798085783,0.9601494572478059,1.5,6.0,4.0,14.0
683,0.008429401905232226,28.082825090743956,1.5,90.0,69.0,15.0
684,0.005127965352585306,28.34814060755092,1.5,106.0,77.0,4.0
685,0.004268869601219194,14.235935979108177,1.5,44.0,38.0,13.0
686,0.004667246746976161,25.349693362768708,1.5,88.0,64.0,2.0
687,0.0045513068325817585,20.214932065415432,1.5,62.0,57.0,4.0
688,0.005360605442547239,21.006179548658437,1.5,65.0,61.0,10.0
689,0.007763412631902611,33.10049760261771,1.5,123.0,89.0,13.0
690,0.006877327588881599,30.774620247640726,1.5,92.0,82.0,4.0
691,0.0024757923165452667,11.047625940062433,1.5,43.0,38.0,2.0
692,0.0021568625215877546,8.931543639308376,1.5,32.0,28.0,16.0
693,0.004069300897754147,15.419071326306613,1.5,58.0,40.0,13.0
694,0.007073855245835148,24.4349294816108,1.5,86.0,65.0,19.0
695,0.001386717391142156,5.526738382320371,1.5,20.0,14.0,16.0
696,0.0041970248694269685,13.714011909611429,1.5,53.0,45.0,2.0
697,0.005300924894982018,21.369117564387334,1.5,81.0,65.0,17.0
698,0.004284835096768802,17.28328991560747,1.5,70.0,60.0,3.0
699,0.008276209167888737,33.56616634955615,1.5,100.0,86.0,5.0
700,0.0015965496277203783,7.726221179900264,1.5,27.0,19.0,12.0
701,0.00833703010539466,27.235059622380625,1.5,93.0,74.0,15.0
702,0.010064724881885923,25.420757169824547,1.5,100.0,88.0,14.0
703,0.0029357506609812845,11.318710703323886,1.5,37.0,34.0,8.0
704,0.00672945668338798,32.10022140635367,1.5,121.0,82.0,6.0
705,0.005516078965229099,12.383091018038604,1.5,40.0,32.0,8.0
706,0.0005074747041362571,0.9483022357276434,1.5,8.0,5.0,4.0
707,0.002120369957992807,4.208255994287033,1.5,20.0,16.0,5.0
708,0.005208553096963442,11.863983799361943,1.5,45.0,31.0,15.0
709,0.007219445365990396,21.340206562849243,1.5,76.0,72.0,6.0
710,0.0006872766025480814,2.616997881195657,1.5,11.0,7.0,14.0
711,0.0005907233608013485,2.0354604798356277,1.5,8.0,7.0,18.0
712,0.003918769074516604,14.07177610213424,1.5,51.0,40.0,13.0
713,0.00708487904012145,18.911565785597112,1.5,70.0,60.0,11.0
714,0.007918125895230332,33.511417290030906,1.5,104.0,87.0,15.0
715,0.0008480719570798101,3.4795903958416856,1.5,14.0,11.0,13.0
716,0.009433707647986012,38.63159281498248,1.5,132.0,93.0,2.0
717,0.005051939180702902,19.6839560114326,1.5,68.0,52.0,2.0
718,0.006964757687455858,23.48749688266348,1.5,76.0,59.0,6.0
719,0.006729076552801416,25.30477385359569,1.5,100.0,67.0,3.0
720,0.004532680421107216,11.554006484866845,1.5,34.0,32.0,18.0
721,0.0074311782573204255,17.1898635336385,1.5,65.0,53.0,12.0
722,0.002302072511156439,9.921248915437147,1.5,34.0,30.0,3.0
723,0.004580576909575029,19.033381654208387,1.5,81.0,55.0,4.0
724,0.002076654909615172,8.288704248187601,1.5,28.0,22.0,9.0
725,0.0012985270313947694,2.9796487163178216,1.5,10.0,7.0,9.0
726,0.008194481031750911,33.419595991289,1.5,99.0,95.0,8.0
727,0.0006302569727267837,1.0150277646801364,1.5,6.0,4.0,19.0
728,0.004484403802052839,19.779925095272468,1.5,73.0,64.0,2.0
729,0.007002010512223933,21.831778775966654,1.5,88.0,66.0,17.0
730,0.01210944879858289,29.060720045818805,1.5,97.0,83.0,16.0
731,0.004450192021977273,22.73869603068765,1.5,77.0,60.0,3.0
732,0.0027658321650960715,14.748011956320907,1.5,39.0,32.0,9.0
733,0.0040841259997250745,17.148869775883927,1.5,68.0,53.0,4.0
734,0.003873913634379278,7.2292315990921425,1.5,30.0,25.0,14.0
735,0.005203231265113573,19.705636917155747,1.5,61.0,58.0,4.0
736,0.0007982748138601892,3.192125165518356,1.5,13.0,9.0,13.0
737,0.0020553675803967053,11.394635896146582,1.5,38.0,29.0,5.0
738,0.001613275386262103,6.692923565471461,1.5,21.0,19.0,6.0
739,0.008866552399922512,26.768424607016705,1.5,87.0,72.0,11.0
740,0.00672299445795943,32.0299728356807,1.5,88.0,86.0,2.0
741,0.0018770862061501248,7.746156731130086,1.5,33.0,24.0,5.0
742,0.0014357542713696603,4.518083394891624,1.5,22.0,18.0,19.0
743,0.00030752587008464616,1.6019240403829313,1.5,5.0,3.0,12.0
744,0.00027749553009925876,2.011207421003313,1.5,4.0,3.0,3.0
745,0.005800796983749024,27.896313411185528,1.5,96.0,67.0,12.0
746,0.012845382150771911,34.50658586162347,1.5,98.0,95.0,10.0
747,0.005241624481641338,17.759110934070005,1.5,63.0,52.0,17.0
748,0.005671172359143384,16.973897867389255,1.5,62.0,59.0,10.0
749,0.008475017610180657,28.279613176904427,1.5,94.0,92.0,8.0
750,0.0007804086635587737,3.0512174963440515,1.5,9.0,7.0,3.0
751,0.008573091372454655,34.0414956939085,1.5,101.0,93.0,10.0
752,0.0015136810998228611,8.489745139159071,1.5,27.0,20.0,5.0
753,0.003971227135480149,20.341745200300693,1.5,66.0,57.0,2.0
754,0.007352871298280661,36.77516243655534,1.5,126.0,94.0,9.0
755,0.007100464406903484,25.795392210272876,1.5,81.0,67.0,19.0
756,0.005275836259897915,19.0485112129425,1.5,60.0,53.0,9.0
757,0.0008397090768994531,3.7235413534510142,1.5,13.0,12.0,2.0
758,0.003662180743049248,14.612779536144167,1.5,47.0,42.0,9.0
759,0.003130377663183026,12.77573924567992,1.5,43.0,36.0,6.0
760,0.014952827659726609,35.678766555759275,1.5,113.0,97.0,16.0
761,0.008440045568931964,25.95746894291882,1.5,102.0,70.0,11.0
762,0.0003204503173037665,1.3920250486797139,1.5,4.0,3.0,15.0
763,0.010496173414139776,30.66697843715047,1.5,105.0,78.0,8.0
764,0.008319544085679809,34.17639825362613,1.5,131.0,90.0,16.0
765,0.006575883813638939,23.917817907969898,1.5,77.0,67.0,10.0
766,0.0003702474623423768,0.9159399968349954,1.5,6.0,4.0,19.0
767,0.004821199745492777,20.245617946857596,1.5,79.0,53.0,6.0
768,0.007198538169177482,20.88627190032702,1.5,79.0,54.0,4.0
769,0.006504039080027724,25.98420464638611,1.5,75.0,69.0,15.0
770,0.006513922482554335,29.571805671642128,1.5,119.0,82.0,8.0
771,0.00028927958737767767,1.303068539232003,1.5,5.0,3.0,11.0
772,0.019960671661465312,35.3406178520455,1.5,118.0,91.0,13.0
773,0.008073219287325628,25.732341901519344,1.5,86.0,70.0,8.0
774,0.009344757025246508,35.002792937655435,1.5,101.0,93.0,10.0
775,0.005926240168264485,20.731302632399466,1.5,86.0,58.0,17.0
776,0.005860477529495256,22.80070725963718,1.5,62.0,56.0,8.0
777,0.008463613683488802,27.577570925301757,1.5,91.0,86.0,3.0
778,0.00437758702901192,17.22806545658155,1.5,63.0,42.0,9.0
779,0.006137592927188962,19.787771163492692,1.5,69.0,65.0,6.0
780,0.0018903907857747981,4.26075078690658,1.5,19.0,16.0,13.0
781,0.0006120106900198152,1.2064912807022359,1.5,5.0,3.0,17.0
782,0.006737439431162784,26.84689373518781,1.5,118.0,82.0,6.0
783,0.0013304580243129749,6.6888515321488455,1.5,23.0,18.0,14.0
784,0.002268240863486426,4.8366295327878595,1.5,22.0,20.0,17.0
785,0.0021260719222482294,10.586796159940507,1.5,31.0,23.0,15.0
786,0.002319178400284727,8.82776404059784,1.5,33.0,25.0,10.0
787,0.0024784532324702013,10.812572604062284,1.5,37.0,31.0,18.0
788,0.007293570884939982,28.425105283208428,1.5,97.0,74.0,10.0
789,0.0030201397130440455,14.91863730923786,1.5,51.0,38.0,10.0
790,0.006636704751144862,21.660311473084622,1.5,76.0,61.0,19.0
791,0.013413297661827528,21.158971037630494,1.5,82.0,59.0,3.0
792,0.009024306707942742,32.364072186557706,1.5,102.0,97.0,19.0
793,0.00665381064027315,23.624392082064194,1.5,90.0,72.0,11.0
794,0.004815497783056344,22.37067500630788,1.5,94.0,71.0,6.0
795,0.004882400815404253,17.093901824671505,1.5,59.0,55.0,18.0
796,0.0037347857378335902,14.252089365931269,1.5,43.0,38.0,4.0
797,0.0047778648277017055,18.359784182224413,1.5,64.0,61.0,3.0
798,0.011896575515493168,32.704264676209185,1.5,113.0,98.0,10.0
799,0.011638086527455016,31.98254522433372,1.5,113.0,89.0,18.0
800,0.003718440109878429,12.106522021062734,1.5,58.0,39.0,9.0
801,0.0035260938930150587,14.300826329565863,1.5,49.0,33.0,12.0
802,0.0025658833310444606,7.250324237866729,1.5,30.0,26.0,11.0
803,0.011676859876388335,37.366421744216375,1.5,117.0,96.0,18.0
804,0.006445118797273608,31.46664170304807,1.5,131.0,91.0,4.0
805,0.005668891571986023,30.88400598355407,1.5,98.0,83.0,2.0
806,0.009642399490985554,32.67526694422631,1.5,94.0,88.0,10.0
807,0.002089199228066718,9.962494535259614,1.5,41.0,28.0,18.0
808,0.0036686429666588083,14.470853967835165,1.5,49.0,40.0,17.0
809,0.0074250961624784395,26.86208386165897,1.5,82.0,67.0,17.0
810,0.004246441880241036,18.493978416463342,1.5,58.0,50.0,9.0
811,0.0037636756842402974,10.07388004079731,1.5,39.0,29.0,13.0
812,0.0031653497026127297,9.84210026427361,1.5,36.0,30.0,5.0
813,0.0031634490496799117,16.061990092678137,1.5,57.0,42.0,14.0
814,0.01018750715047645,31.982159742860176,1.5,117.0,89.0,19.0
815,0.0020774151707882993,10.050080406681474,1.5,37.0,25.0,5.0
816,0.0029315692227100953,11.176800807207798,1.5,45.0,32.0,7.0
817,0.00934285637231369,28.604886912965693,1.5,99.0,88.0,18.0
818,0.00885666899557691,32.7412227651985,1.5,112.0,85.0,9.0
819,0.0050101247852580855,23.890332745116254,1.5,100.0,67.0,7.0
820,0.006062707147066249,13.650484887681488,1.5,63.0,42.0,17.0
821,0.006980343054237892,19.454503113999976,1.5,72.0,51.0,14.0
822,0.00891939058965363,24.27350928105791,1.5,70.0,62.0,6.0
823,0.0014026828885107534,8.371272708716049,1.5,25.0,17.0,12.0
824,0.0025278702451032586,13.016128438224829,1.5,39.0,34.0,4.0
825,0.003475536486803321,13.143869233663986,1.5,46.0,43.0,8.0
826,0.0040601777564006625,19.2440014126316,1.5,59.0,44.0,17.0
827,0.010405322136648465,34.179122760391884,1.5,125.0,94.0,14.0
828,0.0019173800774296978,8.94411722657815,1.5,25.0,23.0,13.0
829,0.009882262067549163,30.177977740599264,1.5,112.0,76.0,3.0
830,0.0043467964278534055,10.914164836971562,1.5,44.0,39.0,2.0
831,0.014591703340556705,37.4030164195741,1.5,133.0,97.0,11.0
832,0.0013859571299690288,5.19831812653943,1.5,20.0,14.0,10.0
833,0.005920538204009063,24.7846803211467,1.5,80.0,74.0,10.0
834,0.00370019382899045,18.75187988528254,1.5,55.0,38.0,8.0
835,0.00430194098589709,14.070204328115345,1.5,48.0,47.0,8.0
836,0.009071062802831875,29.830827007960032,1.5,121.0,82.0,5.0
837,0.0008940677926148055,1.8219865291855286,1.5,6.0,5.0,14.0
838,0.009218933710144483,34.50968610125172,1.5,122.0,90.0,8.0
839,0.005164838046766818,23.528601170623602,1.5,75.0,64.0,11.0
840,0.008010117564481334,32.60235230993093,1.5,104.0,98.0,9.0
841,0.0046436786324193235,12.856200799067015,1.5,44.0,39.0,8.0
842,0.007425856425470556,21.847628036600206,1.5,68.0,67.0,19.0
843,0.009473621388679021,32.381817087014326,1.5,106.0,85.0,8.0
844,0.0008176614865078591,3.3197848263105323,1.5,11.0,9.0,17.0
845,0.0069423299664777005,30.652335717066418,1.5,110.0,81.0,10.0
846,0.0013612486236525,3.6540403920518294,1.5,19.0,13.0,17.0
847,0.00756992602146056,32.96659881943346,1.5,129.0,89.0,3.0
848,0.00773528294848802,25.692620864877565,1.5,89.0,71.0,6.0
849,0.0008796228175924625,5.221840955195135,1.5,14.0,10.0,8.0
850,0.006491114630989614,29.236169487247974,1.5,94.0,89.0,3.0
851,0.005257589979009936,17.927431579275822,1.5,63.0,48.0,8.0
852,0.002215022543168743,6.288193025119796,1.5,20.0,17.0,10.0
853,0.006769750554667553,23.837589115097632,1.5,95.0,63.0,15.0
854,0.0002976424657390453,0.7674504282457206,1.5,4.0,3.0,4.0
855,0.004455893986232695,12.538049288557582,1.5,51.0,45.0,15.0
856,0.0026784020665218122,9.757387417700663,1.5,34.0,31.0,15.0
857,0.012205621907924069,29.20376324452141,1.5,103.0,88.0,19.0
858,0.006366811840052833,28.536945653679933,1.5,104.0,72.0,7.0
859,0.0023416061212628847,10.591972081179685,1.5,40.0,31.0,4.0
860,0.00781625082163373,29.722361718983016,1.5,96.0,86.0,12.0
861,0.007916225240478525,19.414989394089424,1.5,65.0,50.0,19.0
862,0.00792002654816315,20.323220251192126,1.5,75.0,60.0,17.0
863,0.003680427023937227,17.860886423858684,1.5,48.0,43.0,10.0
864,0.002814108785969438,8.636484637115316,1.5,31.0,24.0,19.0
865,0.012435220949555514,30.35580341952588,1.5,105.0,88.0,14.0
866,0.008065996800723951,30.779698285296657,1.5,112.0,85.0,8.0
867,0.00971120317990426,25.25591874514319,1.5,96.0,73.0,18.0
868,0.007380240722341114,31.972125386767228,1.5,114.0,91.0,4.0
869,0.012317760512814857,35.48471664032002,1.5,131.0,95.0,18.0
870,0.01003317402137327,29.070864322087033,1.5,97.0,73.0,17.0
871,0.00945195392887399,24.732104945039467,1.5,94.0,74.0,18.0
872,0.01404013345563726,30.45960651956722,1.5,98.0,86.0,9.0
873,0.0018010600324487314,7.661637739596531,1.5,29.0,19.0,9.0
874,0.0030380058651644504,9.119526157727643,1.5,34.0,24.0,16.0
875,0.0042928178463625954,21.697014439405294,1.5,69.0,63.0,3.0
876,0.007497321026676218,24.70507840989018,1.5,86.0,68.0,8.0
877,0.008819036042041262,29.647780302270732,1.5,121.0,84.0,5.0
878,0.011448781357103144,28.679918028417024,1.5,91.0,82.0,14.0
879,0.01754798106776434,33.1071708712492,1.5,112.0,96.0,14.0
880,0.009892145470075775,33.1401261527038,1.5,112.0,86.0,14.0
881,0.004008860089015798,18.356049812402834,1.5,63.0,50.0,7.0
882,0.0013620088848256273,5.8348568090835,1.5,29.0,20.0,2.0
883,0.005595906446615118,21.958892702967457,1.5,68.0,65.0,11.0
884,0.007373778496912564,30.84924790118848,1.5,98.0,88.0,7.0
885,0.0010632260255079018,3.706692967302459,1.5,16.0,12.0,14.0
886,0.001717051110972534,3.4297407768264843,1.5,13.0,10.0,4.0
887,0.0041966447370214155,19.270180124863014,1.5,76.0,55.0,4.0
888,0.005633919534375309,6.644542340826446,1.5,21.0,18.0,6.0
889,0.005679155105099198,24.55194489373151,1.5,88.0,64.0,5.0
890,0.009110976543524885,29.58378215897946,1.5,112.0,82.0,12.0
891,0.005346160469343886,13.626856442852368,1.5,49.0,45.0,15.0
892,0.001820066576328827,9.302476190400487,1.5,33.0,26.0,2.0
893,0.0013722724179388024,4.128499205227748,1.5,18.0,17.0,18.0
894,0.00584033059203648,22.661064066243814,1.5,82.0,75.0,6.0
895,0.002377338423684705,8.642050213809544,1.5,36.0,28.0,19.0
896,0.002044343786110403,10.51062852134752,1.5,33.0,24.0,11.0
897,0.004886962386080995,26.379180416478164,1.5,98.0,66.0,5.0
898,0.0007431558387906989,4.516505076914624,1.5,13.0,10.0,13.0
899,0.0030581527989852475,8.125902400976516,1.5,28.0,20.0,15.0
900,0.00673705930057622,18.981535405916723,1.5,59.0,57.0,5.0
901,0.004424343123901053,14.855967364188526,1.5,52.0,42.0,16.0
902,0.00599694450829702,20.21331866930007,1.5,74.0,56.0,17.0
903,0.0006047882052371278,2.7683258530710035,1.5,11.0,7.0,4.0
904,0.0009271391772927018,3.8971083774416253,1.5,16.0,12.0,9.0
905,0.005519880274732714,21.463031620893247,1.5,83.0,56.0,13.0
906,0.006080953429773217,38.552776509509314,1.5,127.0,95.0,2.0
907,0.004414459721374442,14.591214079957943,1.5,58.0,42.0,13.0
908,0.0033223437512788223,15.369996506722886,1.5,51.0,42.0,14.0
909,0.00028509814910648856,0.7030360208599291,1.5,4.0,3.0,17.0
910,0.005440432923933258,18.89722086243601,1.5,66.0,46.0,8.0
911,0.0033200629659404512,16.232430600999315,1.5,64.0,43.0,3.0
912,0.009337154408058268,32.65127637968335,1.5,108.0,93.0,17.0
913,0.0023777185524522793,11.370068575597987,1.5,37.0,36.0,4.0
914,0.00807017823899514,29.89870582631729,1.5,108.0,95.0,7.0
915,0.0004519755966612138,1.966872248289836,1.5,8.0,5.0,17.0
916,0.00484970956131292,21.3250987813832,1.5,87.0,61.0,4.0
917,0.010132388175406959,20.858283868440676,1.5,78.0,65.0,16.0
918,0.0003124675695289625,1.4273278885667504,1.5,5.0,3.0,19.0
919,0.008208926004954264,26.497390477199158,1.5,88.0,77.0,12.0
920,0.0012069154927303316,4.089624747392518,1.5,21.0,14.0,17.0
921,0.004674469233577838,20.56211029256395,1.5,75.0,63.0,7.0
922,0.006087035522796214,29.145509804185245,1.5,111.0,76.0,9.0
923,0.009869717749097617,29.827928652567564,1.5,102.0,81.0,19.0
924,0.0037560730652330676,15.746104763443617,1.5,65.0,44.0,13.0
925,0.0060608064941334305,18.245294229372828,1.5,60.0,52.0,10.0
926,0.009045594037161209,30.51458242333469,1.5,103.0,87.0,9.0
927,0.0024332176599273225,11.901989096968347,1.5,37.0,31.0,2.0
928,0.0015893271411187015,5.521391976694617,1.5,27.0,22.0,7.0
929,0.007122892126062652,26.27043561232936,1.5,108.0,72.0,10.0
930,0.006143294891444384,23.828105740609246,1.5,88.0,62.0,19.0
931,0.011908739701539162,22.68251811870186,1.5,72.0,69.0,8.0
932,0.006261895719944732,32.31176507268386,1.5,129.0,88.0,3.0
933,0.0033101795615948504,8.675190176723282,1.5,33.0,22.0,8.0
934,0.0038807559885754017,11.578604500602598,1.5,40.0,32.0,9.0
935,0.007301933765120339,17.738728626039844,1.5,70.0,53.0,7.0
936,0.008494024152241764,16.852651174594282,1.5,56.0,54.0,4.0
937,0.0014711064413859276,5.291004930929318,1.5,13.0,12.0,2.0
938,0.002621762567287078,6.459682443573109,1.5,16.0,14.0,11.0
939,0.002096041582262842,8.110020580315213,1.5,29.0,21.0,17.0
940,0.001088694794816547,5.238961046833015,1.5,17.0,15.0,8.0
941,0.008777981907769572,28.107185040775374,1.5,111.0,74.0,14.0
942,0.005905332969632582,25.59256803768005,1.5,107.0,76.0,4.0
943,0.0038404621172958286,11.079874117754182,1.5,42.0,38.0,10.0
944,0.009607047322788276,27.053820484661436,1.5,90.0,86.0,12.0
945,0.010144932493858505,24.434357882673527,1.5,84.0,74.0,12.0
946,0.013168873516406165,24.975823092071167,1.5,88.0,69.0,12.0
947,0.007571826678031357,25.026771678572093,1.5,79.0,76.0,9.0
948,0.0009731350110087078,3.733641195871364,1.5,14.0,12.0,17.0
949,0.0008914068748708814,4.954080934416694,1.5,13.0,11.0,6.0
950,0.011609576713453862,34.08647997696521,1.5,130.0,92.0,6.0
951,0.007560422751339502,21.555932805101595,1.5,75.0,66.0,12.0
952,0.0016763771109253867,4.135793800106694,1.5,11.0,9.0,7.0
953,0.011811046069851727,25.679674250987343,1.5,80.0,76.0,19.0
954,0.011611857496973244,33.71882126446018,1.5,97.0,96.0,19.0
955,0.0051484924188116565,25.095699756531246,1.5,86.0,66.0,4.0
956,0.0064569028527330374,29.46102277037185,1.5,112.0,80.0,6.0
957,0.001517482409326476,6.8169620783186105,1.5,21.0,18.0,9.0
958,0.005582601866990444,20.477033240290304,1.5,66.0,53.0,15.0
959,0.002274322958328412,9.362325886487946,1.5,34.0,24.0,13.0
960,0.012561804525830667,30.88403914294328,1.5,112.0,89.0,8.0
961,0.0009385431021655677,2.744619466474094,1.5,12.0,8.0,9.0
962,0.001342622210358968,6.3477081037768155,1.5,26.0,17.0,2.0
963,0.010009225776229869,27.618389160167805,1.5,84.0,79.0,14.0
964,0.00787783202213177,28.301155858696326,1.5,81.0,77.0,10.0
965,0.00975339770411665,26.457187239650484,1.5,104.0,75.0,13.0
966,0.0054552580277231755,18.71676752803024,1.5,70.0,52.0,17.0
967,0.007783559567542397,31.14618506523826,1.5,125.0,91.0,5.0
968,0.008956263282016153,26.775615558790722,1.5,100.0,95.0,8.0
969,0.006659132472123019,28.587449086525012,1.5,96.0,72.0,6.0
970,0.006767469769329182,18.275121460129792,1.5,66.0,52.0,19.0
971,0.0016950035223999294,9.010103952838012,1.5,30.0,22.0,14.0
972,0.002902679276303388,11.443038471065867,1.5,37.0,30.0,16.0
973,0.002159903568099253,9.961625340629814,1.5,41.0,28.0,19.0
974,0.007266201462698518,22.50782574601363,1.5,69.0,63.0,14.0
975,0.0057798897851171205,24.844673438705776,1.5,85.0,58.0,16.0
976,0.004791549539731932,13.541929303713228,1.5,43.0,36.0,12.0
977,0.0072228665430884575,33.91652216322724,1.5,130.0,87.0,6.0
978,0.007592733874844271,22.41904180342135,1.5,76.0,62.0,14.0
979,0.002345787559534074,12.040806889046994,1.5,33.0,31.0,18.0
980,0.005418005202955101,19.20263447916627,1.5,70.0,58.0,11.0
981,0.006854139606730314,20.56205885843069,1.5,64.0,58.0,15.0
982,0.006545853475472541,25.232955988637297,1.5,92.0,68.0,19.0
983,0.011444980049418518,35.89932638178486,1.5,128.0,92.0,11.0
984,0.011561680224986048,26.720834474162253,1.5,106.0,71.0,8.0
985,0.001629240881811711,4.1492757695154445,1.5,13.0,11.0,10.0
986,0.0011977923513768474,1.2356447524602447,1.5,8.0,7.0,2.0
987,0.0025556197979312856,8.955193440135817,1.5,36.0,24.0,12.0
988,0.005250367492408259,13.349522249500307,1.5,46.0,44.0,12.0
989,0.0013220951441326179,4.64225345651383,1.5,18.0,14.0,18.0
990,0.002006330700169201,5.174747998190669,1.5,20.0,18.0,17.0
991,0.007662297821298125,25.95573642529258,1.5,93.0,76.0,12.0
992,0.010797237056976883,32.80195769091768,1.5,110.0,85.0,11.0
993,0.007870609535530093,16.92637751028187,1.5,58.0,56.0,15.0
994,0.0067963597139169,25.602516293292442,1.5,89.0,72.0,6.0
995,0.003925231299945153,17.92519609979345,1.5,57.0,43.0,12.0
996,0.006903556617544382,30.533505704325048,1.5,107.0,82.0,3.0
997,0.01219383785064565,15.587616620082686,1.5,52.0,50.0,9.0
998,0.010031653497208026,32.60789001164124,1.5,106.0,90.0,17.0
999,0.005550670874072239,16.254836596791513,1.5,51.0,50.0,12.0
